"","x"
"Week1.1956",7.56943e-12
"Week2.1956",7.01324919139068e-12
"Week3.1956",6.49816822424288e-12
"Week4.1956",6.01647216494286e-12
"Week5.1956",5.58921302160338e-12
"Week6.1956",5.15424916855151e-12
"Week7.1956",4.74839714887887e-12
"Week8.1956",4.37127897825587e-12
"Week9.1956",4.08620673260568e-12
"Week10.1956",3.79246328616586e-12
"Week11.1956",3.52603560641655e-12
"Week12.1956",1.15519487097914e-11
"Week13.1956",2.35036059578121e-09
"Week14.1956",5.01404552009387e-07
"Week15.1956",7.50735017235519e-05
"Week16.1956",0.00735261978457003
"Week17.1956",0.443136389614337
"Week18.1956",15.6045532409347
"Week19.1956",308.559214463241
"Week20.1956",3337.79807977863
"Week21.1956",19697.4097667289
"Week22.1956",65124.4684265187
"Week23.1956",128129.570769824
"Week24.1956",172692.435870092
"Week25.1956",186249.010698632
"Week26.1956",185845.742274199
"Week27.1956",182760.704674374
"Week28.1956",178766.6346021
"Week29.1956",174695.617099391
"Week30.1956",170565.457997901
"Week31.1956",166703.133367288
"Week32.1956",162865.601063409
"Week33.1956",158691.416785727
"Week34.1956",154606.691212656
"Week35.1956",150588.36957476
"Week36.1956",146669.80834137
"Week37.1956",142875.577127368
"Week38.1956",138768.131075064
"Week39.1956",135112.331132129
"Week40.1956",131496.269475901
"Week41.1956",127964.527601691
"Week42.1956",124223.916363068
"Week43.1956",120577.43193485
"Week44.1956",117033.250501148
"Week45.1956",113297.439121876
"Week46.1956",109071.079071544
"Week47.1956",104638.796360264
"Week48.1956",99779.0654464744
"Week49.1956",94801.8529673259
"Week50.1956",89205.5205697977
"Week51.1956",84226.6728345846
"Week52.1956",79285.4714052455
"Week1.1957",74668.5310043988
"Week2.1957",69925.2774831018
"Week3.1957",65435.3904390841
"Week4.1957",61142.3769907564
"Week5.1957",57279.9379391887
"Week6.1957",53225.0849788506
"Week7.1957",49366.6775469387
"Week8.1957",45715.1846260653
"Week9.1957",42951.9006498687
"Week10.1957",40031.0799393447
"Week11.1957",37083.8710509838
"Week12.1957",34432.8611964399
"Week13.1957",31555.1542678162
"Week14.1957",28916.4618992866
"Week15.1957",26567.157018001
"Week16.1957",24258.8406098154
"Week17.1957",22286.2915762118
"Week18.1957",20513.4454172345
"Week19.1957",19261.1432926737
"Week20.1957",20712.4254729186
"Week21.1957",35716.7456929909
"Week22.1957",80042.4604016482
"Week23.1957",141823.005051682
"Week24.1957",185354.414528797
"Week25.1957",197881.624160072
"Week26.1957",196568.079520942
"Week27.1957",192705.156172406
"Week28.1957",188003.249253939
"Week29.1957",183306.650756977
"Week30.1957",178618.393063423
"Week31.1957",174268.500267473
"Week32.1957",169992.310554459
"Week33.1957",165405.499061773
"Week34.1957",160946.754272825
"Week35.1957",156586.772417566
"Week36.1957",152356.017727265
"Week37.1957",148276.295319221
"Week38.1957",143890.834933965
"Week39.1957",139990.646988731
"Week40.1957",136146.242436558
"Week41.1957",132401.919690045
"Week42.1957",128452.94454903
"Week43.1957",124611.669726059
"Week44.1957",120885.322877084
"Week45.1957",116969.302645678
"Week46.1957",112554.530408489
"Week47.1957",107934.584633078
"Week48.1957",102880.749153441
"Week49.1957",97712.4206126892
"Week50.1957",91912.2033520396
"Week51.1957",86753.829440937
"Week52.1957",81639.1605434865
"Week1.1958",76862.797295011
"Week2.1958",71960.4354629632
"Week3.1958",67322.5072725305
"Week4.1958",62890.3807252545
"Week5.1958",58903.9435250119
"Week6.1958",54722.1870105417
"Week7.1958",50744.7797939012
"Week8.1958",46982.1571809305
"Week9.1958",44134.0813196313
"Week10.1958",41125.6104749842
"Week11.1958",38091.4630163501
"Week12.1958",35362.8542741296
"Week13.1958",32402.5721665628
"Week14.1958",29688.7648778582
"Week15.1958",27272.9835991675
"Week16.1958",24900.0988340081
"Week17.1958",22872.5594156995
"Week18.1958",21050.1871961901
"Week19.1958",19755.2347950757
"Week20.1958",21163.4724581403
"Week21.1958",36130.9284328501
"Week22.1958",80426.6693927622
"Week23.1958",142174.361504717
"Week24.1958",185678.147335152
"Week25.1958",198178.022437861
"Week26.1958",196840.383685918
"Week27.1958",192956.903655818
"Week28.1958",188236.369766227
"Week29.1958",183523.356109235
"Week30.1958",178820.490835495
"Week31.1958",174457.853593004
"Week32.1958",170170.226730054
"Week33.1958",165572.702032249
"Week34.1958",161104.271613315
"Week35.1958",156735.4636583
"Week36.1958",152496.659407429
"Week37.1958",148409.592321354
"Week38.1958",144017.016391543
"Week39.1958",140110.579498462
"Week40.1958",136260.351407053
"Week41.1958",132510.620251326
"Week42.1958",128556.365799692
"Week43.1958",124710.165842027
"Week44.1958",120979.22129671
"Week45.1958",117058.67137301
"Week46.1958",112639.190621345
"Week47.1958",108014.572064577
"Week48.1958",102955.921952982
"Week49.1958",97782.8639099027
"Week50.1958",91977.5603412007
"Week51.1958",86814.0385533426
"Week52.1958",81691.1196371394
"Week1.1959",76899.9191143645
"Week2.1959",71978.7895916501
"Week3.1959",67328.0406278652
"Week4.1959",62891.3167027274
"Week5.1959",58904.0299396272
"Week6.1959",54722.1913465587
"Week7.1959",50744.7799155334
"Week8.1959",46982.1571829163
"Week9.1959",44134.0813196515
"Week10.1959",41125.6104749843
"Week11.1959",38091.4630163501
"Week12.1959",35362.8542741296
"Week13.1959",32402.5721665628
"Week14.1959",29688.7648778582
"Week15.1959",27272.9835991675
"Week16.1959",24900.0988340081
"Week17.1959",22872.5594156995
"Week18.1959",21050.1871961901
"Week19.1959",19755.2347950757
"Week20.1959",21163.4724581403
"Week21.1959",36130.9284328501
"Week22.1959",80426.6693927622
"Week23.1959",142174.361504717
"Week24.1959",185678.147335152
"Week25.1959",198178.022437861
"Week26.1959",196840.383685918
"Week27.1959",192956.903655818
"Week28.1959",188236.369766227
"Week29.1959",183523.356109235
"Week30.1959",178820.490835495
"Week31.1959",174457.853593004
"Week32.1959",170170.226730054
"Week33.1959",165572.702032249
"Week34.1959",161104.271613315
"Week35.1959",156735.4636583
"Week36.1959",152496.659407429
"Week37.1959",148409.592321354
"Week38.1959",144017.016391543
"Week39.1959",140110.579498462
"Week40.1959",136260.351407053
"Week41.1959",132510.620251326
"Week42.1959",128556.365799692
"Week43.1959",124710.165842027
"Week44.1959",120979.22129671
"Week45.1959",117058.67137301
"Week46.1959",112639.190621345
"Week47.1959",108014.572064577
"Week48.1959",102955.921952982
"Week49.1959",97782.8639099027
"Week50.1959",91977.5603412007
"Week51.1959",86814.0385533426
"Week52.1959",81691.1196371394
"Week1.1960",76899.9191143645
"Week2.1960",71978.7895916501
"Week3.1960",67328.0406278652
"Week4.1960",62891.3167027274
"Week5.1960",58904.0299396272
"Week6.1960",54722.1913465587
"Week7.1960",50744.7799155334
"Week8.1960",46982.1571829163
"Week9.1960",44134.0813196515
"Week10.1960",41125.6104749843
"Week11.1960",38091.4630163501
"Week12.1960",35362.8542741296
"Week13.1960",32402.5721665628
"Week14.1960",29688.7648778582
"Week15.1960",27272.9835991675
"Week16.1960",24900.0988340081
"Week17.1960",22872.5594156995
"Week18.1960",21050.1871961901
"Week19.1960",19755.2347950757
"Week20.1960",21163.4724581403
"Week21.1960",36130.9284328501
"Week22.1960",80426.6693927622
"Week23.1960",142174.361504717
"Week24.1960",185678.147335152
"Week25.1960",198178.022437861
"Week26.1960",196840.383685918
"Week27.1960",192956.903655818
"Week28.1960",188236.369766227
"Week29.1960",183523.356109235
"Week30.1960",178820.490835495
"Week31.1960",174457.853593004
"Week32.1960",170170.226730054
"Week33.1960",165572.702032249
"Week34.1960",161104.271613315
"Week35.1960",156735.4636583
"Week36.1960",152496.659407429
"Week37.1960",148409.592321354
"Week38.1960",144017.016391543
"Week39.1960",140110.579498462
"Week40.1960",136260.351407053
"Week41.1960",132510.620251326
"Week42.1960",128556.365799692
"Week43.1960",124710.165842027
"Week44.1960",120979.22129671
"Week45.1960",117058.67137301
"Week46.1960",112639.190621345
"Week47.1960",108014.572064577
"Week48.1960",102955.921952982
"Week49.1960",97782.8639099027
"Week50.1960",91977.5603412007
"Week51.1960",86814.0385533426
"Week52.1960",81691.1196371394
"Week1.1961",76899.9191143645
"Week2.1961",71978.7895916501
"Week3.1961",67328.0406278652
"Week4.1961",62891.3167027274
"Week5.1961",58904.0299396272
"Week6.1961",54722.1913465587
"Week7.1961",50744.7799155334
"Week8.1961",46982.1571829163
"Week9.1961",44134.0813196515
"Week10.1961",41125.6104749843
"Week11.1961",38091.4630163501
"Week12.1961",35362.8542741296
"Week13.1961",32402.5721665628
"Week14.1961",29688.7648778582
"Week15.1961",27272.9835991675
"Week16.1961",24900.0988340081
"Week17.1961",22872.5594156995
"Week18.1961",21050.1871961901
"Week19.1961",19755.2347950757
"Week20.1961",21163.4724581403
"Week21.1961",36130.9284328501
"Week22.1961",80426.6693927622
"Week23.1961",142174.361504717
"Week24.1961",185678.147335152
"Week25.1961",198178.022437861
"Week26.1961",196840.383685918
"Week27.1961",192956.903655818
"Week28.1961",188236.369766227
"Week29.1961",183523.356109235
"Week30.1961",178820.490835495
"Week31.1961",174457.853593004
"Week32.1961",170170.226730054
"Week33.1961",165572.702032249
"Week34.1961",161104.271613315
"Week35.1961",156735.4636583
"Week36.1961",152496.659407429
"Week37.1961",148409.592321354
"Week38.1961",144017.016391543
"Week39.1961",140110.579498462
"Week40.1961",136260.351407053
"Week41.1961",132510.620251326
"Week42.1961",128556.365799692
"Week43.1961",124710.165842027
"Week44.1961",120979.22129671
"Week45.1961",117058.67137301
"Week46.1961",112639.190621345
"Week47.1961",108014.572064577
"Week48.1961",102955.921952982
"Week49.1961",97782.8639099027
"Week50.1961",91977.5603412007
"Week51.1961",86814.0385533426
"Week52.1961",81691.1196371394
"Week1.1962",76899.9191143645
"Week2.1962",71978.7895916501
"Week3.1962",67328.0406278652
"Week4.1962",62891.3167027274
"Week5.1962",58904.0299396272
"Week6.1962",54722.1913465587
"Week7.1962",50744.7799155334
"Week8.1962",46982.1571829163
"Week9.1962",44134.0813196515
"Week10.1962",41125.6104749843
"Week11.1962",38091.4630163501
"Week12.1962",35362.8542741296
"Week13.1962",32402.5721665628
"Week14.1962",29688.7648778582
"Week15.1962",27272.9835991675
"Week16.1962",24900.0988340081
"Week17.1962",22872.5594156995
"Week18.1962",21050.1871961901
"Week19.1962",19755.2347950757
"Week20.1962",21163.4724581403
"Week21.1962",36130.9284328501
"Week22.1962",80426.6693927622
"Week23.1962",142174.361504717
"Week24.1962",185678.147335152
"Week25.1962",198178.022437861
"Week26.1962",196840.383685918
"Week27.1962",192956.903655818
"Week28.1962",188236.369766227
"Week29.1962",183523.356109235
"Week30.1962",178820.490835495
"Week31.1962",174457.853593004
"Week32.1962",170170.226730054
"Week33.1962",165572.702032249
"Week34.1962",161104.271613315
"Week35.1962",156735.4636583
"Week36.1962",152496.659407429
"Week37.1962",148409.592321354
"Week38.1962",144017.016391543
"Week39.1962",140110.579498462
"Week40.1962",136260.351407053
"Week41.1962",132510.620251326
"Week42.1962",128556.365799692
"Week43.1962",124710.165842027
"Week44.1962",120979.22129671
"Week45.1962",117058.67137301
"Week46.1962",112639.190621345
"Week47.1962",108014.572064577
"Week48.1962",102955.921952982
"Week49.1962",97782.8639099027
"Week50.1962",91977.5603412007
"Week51.1962",86814.0385533426
"Week52.1962",81691.1196371394
"Week1.1963",76899.9191143645
"Week2.1963",71978.7895916501
"Week3.1963",67328.0406278652
"Week4.1963",62891.3167027274
"Week5.1963",58904.0299396272
"Week6.1963",54722.1913465587
"Week7.1963",50744.7799155334
"Week8.1963",46982.1571829163
"Week9.1963",44134.0813196515
"Week10.1963",41125.6104749843
"Week11.1963",38091.4630163501
"Week12.1963",35362.8542741296
"Week13.1963",32402.5721665628
"Week14.1963",29688.7648778582
"Week15.1963",27272.9835991675
"Week16.1963",24900.0988340081
"Week17.1963",22872.5594156995
"Week18.1963",21050.1871961901
"Week19.1963",19755.2347950757
"Week20.1963",21163.4724581403
"Week21.1963",36130.9284328501
"Week22.1963",80426.6693927622
"Week23.1963",142174.361504717
"Week24.1963",185678.147335152
"Week25.1963",198178.022437861
"Week26.1963",196840.383685918
"Week27.1963",192956.903655818
"Week28.1963",188236.369766227
"Week29.1963",183523.356109235
"Week30.1963",178820.490835495
"Week31.1963",174457.853593004
"Week32.1963",170170.226730054
"Week33.1963",165572.702032249
"Week34.1963",161104.271613315
"Week35.1963",156735.4636583
"Week36.1963",152496.659407429
"Week37.1963",148409.592321354
"Week38.1963",144017.016391543
"Week39.1963",140110.579498462
"Week40.1963",136260.351407053
"Week41.1963",132510.620251326
"Week42.1963",128556.365799692
"Week43.1963",124710.165842027
"Week44.1963",120979.22129671
"Week45.1963",117058.67137301
"Week46.1963",112639.190621345
"Week47.1963",108014.572064577
"Week48.1963",102955.921952982
"Week49.1963",97782.8639099027
"Week50.1963",91977.5603412007
"Week51.1963",86814.0385533426
"Week52.1963",81691.1196371394
"Week1.1964",76899.9191143645
"Week2.1964",71978.7895916501
"Week3.1964",67328.0406278652
"Week4.1964",62891.3167027274
"Week5.1964",58904.0299396272
"Week6.1964",54722.1913465587
"Week7.1964",50744.7799155334
"Week8.1964",46982.1571829163
"Week9.1964",44134.0813196515
"Week10.1964",41125.6104749843
"Week11.1964",38091.4630163501
"Week12.1964",35362.8542741296
"Week13.1964",32402.5721665628
"Week14.1964",29688.7648778582
"Week15.1964",27272.9835991675
"Week16.1964",24900.0988340081
"Week17.1964",22872.5594156995
"Week18.1964",21050.1871961901
"Week19.1964",19755.2347950757
"Week20.1964",21163.4724581403
"Week21.1964",36130.9284328501
"Week22.1964",80426.6693927622
"Week23.1964",142174.361504717
"Week24.1964",185678.147335152
"Week25.1964",198178.022437861
"Week26.1964",196840.383685918
"Week27.1964",192956.903655818
"Week28.1964",188236.369766227
"Week29.1964",183523.356109235
"Week30.1964",178820.490835495
"Week31.1964",174457.853593004
"Week32.1964",170170.226730054
"Week33.1964",165572.702032249
"Week34.1964",161104.271613315
"Week35.1964",156735.4636583
"Week36.1964",152496.659407429
"Week37.1964",148409.592321354
"Week38.1964",144017.016391543
"Week39.1964",140110.579498462
"Week40.1964",136260.351407053
"Week41.1964",132510.620251326
"Week42.1964",128556.365799692
"Week43.1964",124710.165842027
"Week44.1964",120979.22129671
"Week45.1964",117058.67137301
"Week46.1964",112639.190621345
"Week47.1964",108014.572064577
"Week48.1964",102955.921952982
"Week49.1964",97782.8639099027
"Week50.1964",91977.5603412007
"Week51.1964",86814.0385533426
"Week52.1964",81691.1196371394
"Week1.1965",76899.9191143645
"Week2.1965",71978.7895916501
"Week3.1965",67328.0406278652
"Week4.1965",62891.3167027274
"Week5.1965",58904.0299396272
"Week6.1965",54722.1913465587
"Week7.1965",50744.7799155334
"Week8.1965",46982.1571829163
"Week9.1965",44134.0813196515
"Week10.1965",41125.6104749843
"Week11.1965",38091.4630163501
"Week12.1965",35362.8542741296
"Week13.1965",32402.5721665628
"Week14.1965",29688.7648778582
"Week15.1965",27272.9835991675
"Week16.1965",24900.0988340081
"Week17.1965",22872.5594156995
"Week18.1965",21050.1871961901
"Week19.1965",19755.2347950757
"Week20.1965",21163.4724581403
"Week21.1965",36130.9284328501
"Week22.1965",80426.6693927622
"Week23.1965",142174.361504717
"Week24.1965",185678.147335152
"Week25.1965",198178.022437861
"Week26.1965",196840.383685918
"Week27.1965",192956.903655818
"Week28.1965",188236.369766227
"Week29.1965",183523.356109235
"Week30.1965",178820.490835495
"Week31.1965",174457.853593004
"Week32.1965",170170.226730054
"Week33.1965",165572.702032249
"Week34.1965",161104.271613315
"Week35.1965",156735.4636583
"Week36.1965",152496.659407429
"Week37.1965",148409.592321354
"Week38.1965",144017.016391543
"Week39.1965",140110.579498462
"Week40.1965",136260.351407053
"Week41.1965",132510.620251326
"Week42.1965",128556.365799692
"Week43.1965",124710.165842027
"Week44.1965",120979.22129671
"Week45.1965",117058.67137301
"Week46.1965",112639.190621345
"Week47.1965",108014.572064577
"Week48.1965",102955.921952982
"Week49.1965",97782.8639099027
"Week50.1965",91977.5603412007
"Week51.1965",86814.0385533426
"Week52.1965",81691.1196371394
"Week1.1966",76899.9191143645
"Week2.1966",71978.7895916501
"Week3.1966",67328.0406278652
"Week4.1966",62891.3167027274
"Week5.1966",58904.0299396272
"Week6.1966",54722.1913465587
"Week7.1966",50744.7799155334
"Week8.1966",46982.1571829163
"Week9.1966",44134.0813196515
"Week10.1966",41125.6104749843
"Week11.1966",38091.4630163501
"Week12.1966",35362.8542741296
"Week13.1966",32402.5721665628
"Week14.1966",29688.7648778582
"Week15.1966",27272.9835991675
"Week16.1966",24900.0988340081
"Week17.1966",22872.5594156995
"Week18.1966",21050.1871961901
"Week19.1966",19755.2347950757
"Week20.1966",21163.4724581403
"Week21.1966",36130.9284328501
"Week22.1966",80426.6693927622
"Week23.1966",142174.361504717
"Week24.1966",185678.147335152
"Week25.1966",198178.022437861
"Week26.1966",196840.383685918
"Week27.1966",192956.903655818
"Week28.1966",188236.369766227
"Week29.1966",183523.356109235
"Week30.1966",178820.490835495
"Week31.1966",174457.853593004
"Week32.1966",170170.226730054
"Week33.1966",165572.702032249
"Week34.1966",161104.271613315
"Week35.1966",156735.4636583
"Week36.1966",152496.659407429
"Week37.1966",148409.592321354
"Week38.1966",144017.016391543
"Week39.1966",140110.579498462
"Week40.1966",136260.351407053
"Week41.1966",132510.620251326
"Week42.1966",128556.365799692
"Week43.1966",124710.165842027
"Week44.1966",120979.22129671
"Week45.1966",117058.67137301
"Week46.1966",112639.190621345
"Week47.1966",108014.572064577
"Week48.1966",102955.921952982
"Week49.1966",97782.8639099027
"Week50.1966",91977.5603412007
"Week51.1966",86814.0385533426
"Week52.1966",81691.1196371394
"Week1.1967",76899.9191143645
"Week2.1967",71978.7895916501
"Week3.1967",67328.0406278652
"Week4.1967",62891.3167027274
"Week5.1967",58904.0299396272
"Week6.1967",54722.1913465587
"Week7.1967",50744.7799155334
"Week8.1967",46982.1571829163
"Week9.1967",44134.0813196515
"Week10.1967",41125.6104749843
"Week11.1967",38091.4630163501
"Week12.1967",35362.8542741296
"Week13.1967",32402.5721665628
"Week14.1967",29688.7648778582
"Week15.1967",27272.9835991675
"Week16.1967",24900.0988340081
"Week17.1967",22872.5594156995
"Week18.1967",21050.1871961901
"Week19.1967",19755.2347950757
"Week20.1967",21163.4724581403
"Week21.1967",36130.9284328501
"Week22.1967",80426.6693927622
"Week23.1967",142174.361504717
"Week24.1967",185678.147335152
"Week25.1967",198178.022437861
"Week26.1967",196840.383685918
"Week27.1967",192956.903655818
"Week28.1967",188236.369766227
"Week29.1967",183523.356109235
"Week30.1967",178820.490835495
"Week31.1967",174457.853593004
"Week32.1967",170170.226730054
"Week33.1967",165572.702032249
"Week34.1967",161104.271613315
"Week35.1967",156735.4636583
"Week36.1967",152496.659407429
"Week37.1967",148409.592321354
"Week38.1967",144017.016391543
"Week39.1967",140110.579498462
"Week40.1967",136260.351407053
"Week41.1967",132510.620251326
"Week42.1967",128556.365799692
"Week43.1967",124710.165842027
"Week44.1967",120979.22129671
"Week45.1967",117058.67137301
"Week46.1967",112639.190621345
"Week47.1967",108014.572064577
"Week48.1967",102955.921952982
"Week49.1967",97782.8639099027
"Week50.1967",91977.5603412007
"Week51.1967",86814.0385533426
"Week52.1967",81691.1196371394
"Week1.1968",76899.9191143645
"Week2.1968",71978.7895916501
"Week3.1968",67328.0406278652
"Week4.1968",62891.3167027274
"Week5.1968",58904.0299396272
"Week6.1968",54722.1913465587
"Week7.1968",50744.7799155334
"Week8.1968",46982.1571829163
"Week9.1968",44134.0813196515
"Week10.1968",41125.6104749843
"Week11.1968",38091.4630163501
"Week12.1968",35362.8542741296
"Week13.1968",32402.5721665628
"Week14.1968",29688.7648778582
"Week15.1968",27272.9835991675
"Week16.1968",24900.0988340081
"Week17.1968",22872.5594156995
"Week18.1968",21050.1871961901
"Week19.1968",19755.2347950757
"Week20.1968",21163.4724581403
"Week21.1968",36130.9284328501
"Week22.1968",80426.6693927622
"Week23.1968",142174.361504717
"Week24.1968",185678.147335152
"Week25.1968",198178.022437861
"Week26.1968",196840.383685918
"Week27.1968",192956.903655818
"Week28.1968",188236.369766227
"Week29.1968",183523.356109235
"Week30.1968",178820.490835495
"Week31.1968",174457.853593004
"Week32.1968",170170.226730054
"Week33.1968",165572.702032249
"Week34.1968",161104.271613315
"Week35.1968",156735.4636583
"Week36.1968",152496.659407429
"Week37.1968",148409.592321354
"Week38.1968",144017.016391543
"Week39.1968",140110.579498462
"Week40.1968",136260.351407053
"Week41.1968",132510.620251326
"Week42.1968",128556.365799692
"Week43.1968",124710.165842027
"Week44.1968",120979.22129671
"Week45.1968",117058.67137301
"Week46.1968",112639.190621345
"Week47.1968",108014.572064577
"Week48.1968",102955.921952982
"Week49.1968",97782.8639099027
"Week50.1968",91977.5603412007
"Week51.1968",86814.0385533426
"Week52.1968",81691.1196371394
"Week1.1969",76899.9191143645
"Week2.1969",71978.7895916501
"Week3.1969",67328.0406278652
"Week4.1969",62891.3167027274
"Week5.1969",58904.0299396272
"Week6.1969",54722.1913465587
"Week7.1969",50744.7799155334
"Week8.1969",46982.1571829163
"Week9.1969",44134.0813196515
"Week10.1969",41125.6104749843
"Week11.1969",38091.4630163501
"Week12.1969",35362.8542741296
"Week13.1969",32402.5721665628
"Week14.1969",29688.7648778582
"Week15.1969",27272.9835991675
"Week16.1969",24900.0988340081
"Week17.1969",22872.5594156995
"Week18.1969",21050.1871961901
"Week19.1969",19755.2347950757
"Week20.1969",21163.4724581403
"Week21.1969",36130.9284328501
"Week22.1969",80426.6693927622
"Week23.1969",142174.361504717
"Week24.1969",185678.147335152
"Week25.1969",198178.022437861
"Week26.1969",196840.383685918
"Week27.1969",192956.903655818
"Week28.1969",188236.369766227
"Week29.1969",183523.356109235
"Week30.1969",178820.490835495
"Week31.1969",174457.853593004
"Week32.1969",170170.226730054
"Week33.1969",165572.702032249
"Week34.1969",161104.271613315
"Week35.1969",156735.4636583
"Week36.1969",152496.659407429
"Week37.1969",148409.592321354
"Week38.1969",144017.016391543
"Week39.1969",140110.579498462
"Week40.1969",136260.351407053
"Week41.1969",132510.620251326
"Week42.1969",128556.365799692
"Week43.1969",124710.165842027
"Week44.1969",120979.22129671
"Week45.1969",117058.67137301
"Week46.1969",112639.190621345
"Week47.1969",108014.572064577
"Week48.1969",102955.921952982
"Week49.1969",97782.8639099027
"Week50.1969",91977.5603412007
"Week51.1969",86814.0385533426
"Week52.1969",81691.1196371394
"Week1.1970",76899.9191143645
"Week2.1970",71978.7895916501
"Week3.1970",67328.0406278652
"Week4.1970",62891.3167027274
"Week5.1970",58904.0299396272
"Week6.1970",54722.1913465587
"Week7.1970",50744.7799155334
"Week8.1970",46982.1571829163
"Week9.1970",44134.0813196515
"Week10.1970",41125.6104749843
"Week11.1970",38091.4630163501
"Week12.1970",35362.8542741296
"Week13.1970",32402.5721665628
"Week14.1970",29688.7648778582
"Week15.1970",27272.9835991675
"Week16.1970",24900.0988340081
"Week17.1970",22872.5594156995
"Week18.1970",21050.1871961901
"Week19.1970",19755.2347950757
"Week20.1970",21163.4724581403
"Week21.1970",36130.9284328501
"Week22.1970",80426.6693927622
"Week23.1970",142174.361504717
"Week24.1970",185678.147335152
"Week25.1970",198178.022437861
"Week26.1970",196840.383685918
"Week27.1970",192956.903655818
"Week28.1970",188236.369766227
"Week29.1970",183523.356109235
"Week30.1970",178820.490835495
"Week31.1970",174457.853593004
"Week32.1970",170170.226730054
"Week33.1970",165572.702032249
"Week34.1970",161104.271613315
"Week35.1970",156735.4636583
"Week36.1970",152496.659407429
"Week37.1970",148409.592321354
"Week38.1970",144017.016391543
"Week39.1970",140110.579498462
"Week40.1970",136260.351407053
"Week41.1970",132510.620251326
"Week42.1970",128556.365799692
"Week43.1970",124710.165842027
"Week44.1970",120979.22129671
"Week45.1970",117058.67137301
"Week46.1970",112639.190621345
"Week47.1970",108014.572064577
"Week48.1970",102955.921952982
"Week49.1970",97782.8639099027
"Week50.1970",91977.5603412007
"Week51.1970",86814.0385533426
"Week52.1970",81691.1196371394
"Week1.1971",76899.9191143645
"Week2.1971",71978.7895916501
"Week3.1971",67328.0406278652
"Week4.1971",62891.3167027274
"Week5.1971",58904.0299396272
"Week6.1971",54722.1913465587
"Week7.1971",50744.7799155334
"Week8.1971",46982.1571829163
"Week9.1971",44134.0813196515
"Week10.1971",41125.6104749843
"Week11.1971",38091.4630163501
"Week12.1971",35362.8542741296
"Week13.1971",32402.5721665628
"Week14.1971",29688.7648778582
"Week15.1971",27272.9835991675
"Week16.1971",24900.0988340081
"Week17.1971",22872.5594156995
"Week18.1971",21050.1871961901
"Week19.1971",19755.2347950757
"Week20.1971",21163.4724581403
"Week21.1971",36130.9284328501
"Week22.1971",80426.6693927622
"Week23.1971",142174.361504717
"Week24.1971",185678.147335152
"Week25.1971",198178.022437861
"Week26.1971",196840.383685918
"Week27.1971",192956.903655818
"Week28.1971",188236.369766227
"Week29.1971",183523.356109235
"Week30.1971",178820.490835495
"Week31.1971",174457.853593004
"Week32.1971",170170.226730054
"Week33.1971",165572.702032249
"Week34.1971",161104.271613315
"Week35.1971",156735.4636583
"Week36.1971",152496.659407429
"Week37.1971",148409.592321354
"Week38.1971",144017.016391543
"Week39.1971",140110.579498462
"Week40.1971",136260.351407053
"Week41.1971",132510.620251326
"Week42.1971",128556.365799692
"Week43.1971",124710.165842027
"Week44.1971",120979.22129671
"Week45.1971",117058.67137301
"Week46.1971",112639.190621345
"Week47.1971",108014.572064577
"Week48.1971",102955.921952982
"Week49.1971",97782.8639099027
"Week50.1971",91977.5603412007
"Week51.1971",86814.0385533426
"Week52.1971",81691.1196371394
"Week1.1972",76899.9191143645
"Week2.1972",71978.7895916501
"Week3.1972",67328.0406278652
"Week4.1972",62891.3167027274
"Week5.1972",58904.0299396272
"Week6.1972",54722.1913465587
"Week7.1972",50744.7799155334
"Week8.1972",46982.1571829163
"Week9.1972",44134.0813196515
"Week10.1972",41125.6104749843
"Week11.1972",38091.4630163501
"Week12.1972",35362.8542741296
"Week13.1972",32402.5721665628
"Week14.1972",29688.7648778582
"Week15.1972",27272.9835991675
"Week16.1972",24900.0988340081
"Week17.1972",22872.5594156995
"Week18.1972",21050.1871961901
"Week19.1972",19755.2347950757
"Week20.1972",21163.4724581403
"Week21.1972",36130.9284328501
"Week22.1972",80426.6693927622
"Week23.1972",142174.361504717
"Week24.1972",185678.147335152
"Week25.1972",198178.022437861
"Week26.1972",196840.383685918
"Week27.1972",192956.903655818
"Week28.1972",188236.369766227
"Week29.1972",183523.356109235
"Week30.1972",178820.490835495
"Week31.1972",174457.853593004
"Week32.1972",170170.226730054
"Week33.1972",165572.702032249
"Week34.1972",161104.271613315
"Week35.1972",156735.4636583
"Week36.1972",152496.659407429
"Week37.1972",148409.592321354
"Week38.1972",144017.016391543
"Week39.1972",140110.579498462
"Week40.1972",136260.351407053
"Week41.1972",132510.620251326
"Week42.1972",128556.365799692
"Week43.1972",124710.165842027
"Week44.1972",120979.22129671
"Week45.1972",117058.67137301
"Week46.1972",112639.190621345
"Week47.1972",108014.572064577
"Week48.1972",102955.921952982
"Week49.1972",97782.8639099027
"Week50.1972",91977.5603412007
"Week51.1972",86814.0385533426
"Week52.1972",81691.1196371394
"Week1.1973",76899.9191143645
"Week2.1973",71978.7895916501
"Week3.1973",67328.0406278652
"Week4.1973",62891.3167027274
"Week5.1973",58904.0299396272
"Week6.1973",54722.1913465587
"Week7.1973",50744.7799155334
"Week8.1973",46982.1571829163
"Week9.1973",44134.0813196515
"Week10.1973",41125.6104749843
"Week11.1973",38091.4630163501
"Week12.1973",35362.8542741296
"Week13.1973",32402.5721665628
"Week14.1973",29688.7648778582
"Week15.1973",27272.9835991675
"Week16.1973",24900.0988340081
"Week17.1973",22872.5594156995
"Week18.1973",21050.1871961901
"Week19.1973",19755.2347950757
"Week20.1973",21163.4724581403
"Week21.1973",36130.9284328501
"Week22.1973",80426.6693927622
"Week23.1973",142174.361504717
"Week24.1973",185678.147335152
"Week25.1973",198178.022437861
"Week26.1973",196840.383685918
"Week27.1973",192956.903655818
"Week28.1973",188236.369766227
"Week29.1973",183523.356109235
"Week30.1973",178820.490835495
"Week31.1973",174457.853593004
"Week32.1973",170170.226730054
"Week33.1973",165572.702032249
"Week34.1973",161104.271613315
"Week35.1973",156735.4636583
"Week36.1973",152496.659407429
"Week37.1973",148409.592321354
"Week38.1973",144017.016391543
"Week39.1973",140110.579498462
"Week40.1973",136260.351407053
"Week41.1973",132510.620251326
"Week42.1973",128556.365799692
"Week43.1973",124710.165842027
"Week44.1973",120979.22129671
"Week45.1973",117058.67137301
"Week46.1973",112639.190621345
"Week47.1973",108014.572064577
"Week48.1973",102955.921952982
"Week49.1973",97782.8639099027
"Week50.1973",91977.5603412007
"Week51.1973",86814.0385533426
"Week52.1973",81691.1196371394
"Week1.1974",76899.9191143645
"Week2.1974",71978.7895916501
"Week3.1974",67328.0406278652
"Week4.1974",62891.3167027274
"Week5.1974",58904.0299396272
"Week6.1974",54722.1913465587
"Week7.1974",50744.7799155334
"Week8.1974",46982.1571829163
"Week9.1974",44134.0813196515
"Week10.1974",41125.6104749843
"Week11.1974",38091.4630163501
"Week12.1974",35362.8542741296
"Week13.1974",32402.5721665628
"Week14.1974",29688.7648778582
"Week15.1974",27272.9835991675
"Week16.1974",24900.0988340081
"Week17.1974",22872.5594156995
"Week18.1974",21050.1871961901
"Week19.1974",19755.2347950757
"Week20.1974",21163.4724581403
"Week21.1974",36130.9284328501
"Week22.1974",80426.6693927622
"Week23.1974",142174.361504717
"Week24.1974",185678.147335152
"Week25.1974",198178.022437861
"Week26.1974",196840.383685918
"Week27.1974",192956.903655818
"Week28.1974",188236.369766227
"Week29.1974",183523.356109235
"Week30.1974",178820.490835495
"Week31.1974",174457.853593004
"Week32.1974",170170.226730054
"Week33.1974",165572.702032249
"Week34.1974",161104.271613315
"Week35.1974",156735.4636583
"Week36.1974",152496.659407429
"Week37.1974",148409.592321354
"Week38.1974",144017.016391543
"Week39.1974",140110.579498462
"Week40.1974",136260.351407053
"Week41.1974",132510.620251326
"Week42.1974",128556.365799692
"Week43.1974",124710.165842027
"Week44.1974",120979.22129671
"Week45.1974",117058.67137301
"Week46.1974",112639.190621345
"Week47.1974",108014.572064577
"Week48.1974",102955.921952982
"Week49.1974",97782.8639099027
"Week50.1974",91977.5603412007
"Week51.1974",86814.0385533426
"Week52.1974",81691.1196371394
"Week1.1975",76899.9191143645
"Week2.1975",71978.7895916501
"Week3.1975",67328.0406278652
"Week4.1975",62891.3167027274
"Week5.1975",58904.0299396272
"Week6.1975",54722.1913465587
"Week7.1975",50744.7799155334
"Week8.1975",46982.1571829163
"Week9.1975",44134.0813196515
"Week10.1975",41125.6104749843
"Week11.1975",38091.4630163501
"Week12.1975",35362.8542741296
"Week13.1975",32402.5721665628
"Week14.1975",29688.7648778582
"Week15.1975",27272.9835991675
"Week16.1975",24900.0988340081
"Week17.1975",22872.5594156995
"Week18.1975",21050.1871961901
"Week19.1975",19755.2347950757
"Week20.1975",21163.4724581403
"Week21.1975",36130.9284328501
"Week22.1975",80426.6693927622
"Week23.1975",142174.361504717
"Week24.1975",185678.147335152
"Week25.1975",198178.022437861
"Week26.1975",196840.383685918
"Week27.1975",192956.903655818
"Week28.1975",188236.369766227
"Week29.1975",183523.356109235
"Week30.1975",178820.490835495
"Week31.1975",174457.853593004
"Week32.1975",170170.226730054
"Week33.1975",165572.702032249
"Week34.1975",161104.271613315
"Week35.1975",156735.4636583
"Week36.1975",152496.659407429
"Week37.1975",148409.592321354
"Week38.1975",144017.016391543
"Week39.1975",140110.579498462
"Week40.1975",136260.351407053
"Week41.1975",132510.620251326
"Week42.1975",128556.365799692
"Week43.1975",124710.165842027
"Week44.1975",120979.22129671
"Week45.1975",117058.67137301
"Week46.1975",112639.190621345
"Week47.1975",108014.572064577
"Week48.1975",102955.921952982
"Week49.1975",97782.8639099027
"Week50.1975",91977.5603412007
"Week51.1975",86814.0385533426
"Week52.1975",81691.1196371394
"Week1.1976",76899.9191143645
"Week2.1976",71978.7895916501
"Week3.1976",67328.0406278652
"Week4.1976",62891.3167027274
"Week5.1976",58904.0299396272
"Week6.1976",54722.1913465587
"Week7.1976",50744.7799155334
"Week8.1976",46982.1571829163
"Week9.1976",44134.0813196515
"Week10.1976",41125.6104749843
"Week11.1976",38091.4630163501
"Week12.1976",35362.8542741296
"Week13.1976",32402.5721665628
"Week14.1976",29688.7648778582
"Week15.1976",27272.9835991675
"Week16.1976",24900.0988340081
"Week17.1976",22872.5594156995
"Week18.1976",21050.1871961901
"Week19.1976",19755.2347950757
"Week20.1976",21163.4724581403
"Week21.1976",36130.9284328501
"Week22.1976",80426.6693927622
"Week23.1976",142174.361504717
"Week24.1976",185678.147335152
"Week25.1976",198178.022437861
"Week26.1976",196840.383685918
"Week27.1976",192956.903655818
"Week28.1976",188236.369766227
"Week29.1976",183523.356109235
"Week30.1976",178820.490835495
"Week31.1976",174457.853593004
"Week32.1976",170170.226730054
"Week33.1976",165572.702032249
"Week34.1976",161104.271613315
"Week35.1976",156735.4636583
"Week36.1976",152496.659407429
"Week37.1976",148409.592321354
"Week38.1976",144017.016391543
"Week39.1976",140110.579498462
"Week40.1976",136260.351407053
"Week41.1976",132510.620251326
"Week42.1976",128556.365799692
"Week43.1976",124710.165842027
"Week44.1976",120979.22129671
"Week45.1976",117058.67137301
"Week46.1976",112639.190621345
"Week47.1976",108014.572064577
"Week48.1976",102955.921952982
"Week49.1976",97782.8639099027
"Week50.1976",91977.5603412007
"Week51.1976",86814.0385533426
"Week52.1976",81691.1196371394
"Week1.1977",76899.9191143645
"Week2.1977",71978.7895916501
"Week3.1977",67328.0406278652
"Week4.1977",62891.3167027274
"Week5.1977",58904.0299396272
"Week6.1977",54722.1913465587
"Week7.1977",50744.7799155334
"Week8.1977",46982.1571829163
"Week9.1977",44134.0813196515
"Week10.1977",41125.6104749843
"Week11.1977",38091.4630163501
"Week12.1977",35362.8542741296
"Week13.1977",32402.5721665628
"Week14.1977",29688.7648778582
"Week15.1977",27272.9835991675
"Week16.1977",24900.0988340081
"Week17.1977",22872.5594156995
"Week18.1977",21050.1871961901
"Week19.1977",19755.2347950757
"Week20.1977",21163.4724581403
"Week21.1977",36130.9284328501
"Week22.1977",80426.6693927622
"Week23.1977",142174.361504717
"Week24.1977",185678.147335152
"Week25.1977",198178.022437861
"Week26.1977",196840.383685918
"Week27.1977",192956.903655818
"Week28.1977",188236.369766227
"Week29.1977",183523.356109235
"Week30.1977",178820.490835495
"Week31.1977",174457.853593004
"Week32.1977",170170.226730054
"Week33.1977",165572.702032249
"Week34.1977",161104.271613315
"Week35.1977",156735.4636583
"Week36.1977",152496.659407429
"Week37.1977",148409.592321354
"Week38.1977",144017.016391543
"Week39.1977",140110.579498462
"Week40.1977",136260.351407053
"Week41.1977",132510.620251326
"Week42.1977",128556.365799692
"Week43.1977",124710.165842027
"Week44.1977",120979.22129671
"Week45.1977",117058.67137301
"Week46.1977",112639.190621345
"Week47.1977",108014.572064577
"Week48.1977",102955.921952982
"Week49.1977",97782.8639099027
"Week50.1977",91977.5603412007
"Week51.1977",86814.0385533426
"Week52.1977",81691.1196371394
"Week1.1978",76899.9191143645
"Week2.1978",71978.7895916501
"Week3.1978",67328.0406278652
"Week4.1978",62891.3167027274
"Week5.1978",58904.0299396272
"Week6.1978",54722.1913465587
"Week7.1978",50744.7799155334
"Week8.1978",46982.1571829163
"Week9.1978",44134.0813196515
"Week10.1978",41125.6104749843
"Week11.1978",38091.4630163501
"Week12.1978",35362.8542741296
"Week13.1978",32402.5721665628
"Week14.1978",29688.7648778582
"Week15.1978",27272.9835991675
"Week16.1978",24900.0988340081
"Week17.1978",22872.5594156995
"Week18.1978",21050.1871961901
"Week19.1978",19755.2347950757
"Week20.1978",21163.4724581403
"Week21.1978",36130.9284328501
"Week22.1978",80426.6693927622
"Week23.1978",142174.361504717
"Week24.1978",185678.147335152
"Week25.1978",198178.022437861
"Week26.1978",196840.383685918
"Week27.1978",192956.903655818
"Week28.1978",188236.369766227
"Week29.1978",183523.356109235
"Week30.1978",178820.490835495
"Week31.1978",174457.853593004
"Week32.1978",170170.226730054
"Week33.1978",165572.702032249
"Week34.1978",161104.271613315
"Week35.1978",156735.4636583
"Week36.1978",152496.659407429
"Week37.1978",148409.592321354
"Week38.1978",144017.016391543
"Week39.1978",140110.579498462
"Week40.1978",136260.351407053
"Week41.1978",132510.620251326
"Week42.1978",128556.365799692
"Week43.1978",124710.165842027
"Week44.1978",120979.22129671
"Week45.1978",117058.67137301
"Week46.1978",112639.190621345
"Week47.1978",108014.572064577
"Week48.1978",102955.921952982
"Week49.1978",97782.8639099027
"Week50.1978",91977.5603412007
"Week51.1978",86814.0385533426
"Week52.1978",81691.1196371394
"Week1.1979",76899.9191143645
"Week2.1979",71978.7895916501
"Week3.1979",67328.0406278652
"Week4.1979",62891.3167027274
"Week5.1979",58904.0299396272
"Week6.1979",54722.1913465587
"Week7.1979",50744.7799155334
"Week8.1979",46982.1571829163
"Week9.1979",44134.0813196515
"Week10.1979",41125.6104749843
"Week11.1979",38091.4630163501
"Week12.1979",35362.8542741296
"Week13.1979",32402.5721665628
"Week14.1979",29688.7648778582
"Week15.1979",27272.9835991675
"Week16.1979",24900.0988340081
"Week17.1979",22872.5594156995
"Week18.1979",21050.1871961901
"Week19.1979",19755.2347950757
"Week20.1979",21163.4724581403
"Week21.1979",36130.9284328501
"Week22.1979",80426.6693927622
"Week23.1979",142174.361504717
"Week24.1979",185678.147335152
"Week25.1979",198178.022437861
"Week26.1979",196840.383685918
"Week27.1979",192956.903655818
"Week28.1979",188236.369766227
"Week29.1979",183523.356109235
"Week30.1979",178820.490835495
"Week31.1979",174457.853593004
"Week32.1979",170170.226730054
"Week33.1979",165572.702032249
"Week34.1979",161104.271613315
"Week35.1979",156735.4636583
"Week36.1979",152496.659407429
"Week37.1979",148409.592321354
"Week38.1979",144017.016391543
"Week39.1979",140110.579498462
"Week40.1979",136260.351407053
"Week41.1979",132510.620251326
"Week42.1979",128556.365799692
"Week43.1979",124710.165842027
"Week44.1979",120979.22129671
"Week45.1979",117058.67137301
"Week46.1979",112639.190621345
"Week47.1979",108014.572064577
"Week48.1979",102955.921952982
"Week49.1979",97782.8639099027
"Week50.1979",91977.5603412007
"Week51.1979",86814.0385533426
"Week52.1979",81691.1196371394
"Week1.1980",76899.9191143645
"Week2.1980",71978.7895916501
"Week3.1980",67328.0406278652
"Week4.1980",62891.3167027274
"Week5.1980",58904.0299396272
"Week6.1980",54722.1913465587
"Week7.1980",50744.7799155334
"Week8.1980",46982.1571829163
"Week9.1980",44134.0813196515
"Week10.1980",41125.6104749843
"Week11.1980",38091.4630163501
"Week12.1980",35362.8542741296
"Week13.1980",32402.5721665628
"Week14.1980",29688.7648778582
"Week15.1980",27272.9835991675
"Week16.1980",24900.0988340081
"Week17.1980",22872.5594156995
"Week18.1980",21050.1871961901
"Week19.1980",19755.2347950757
"Week20.1980",21163.4724581403
"Week21.1980",36130.9284328501
"Week22.1980",80426.6693927622
"Week23.1980",142174.361504717
"Week24.1980",185678.147335152
"Week25.1980",198178.022437861
"Week26.1980",196840.383685918
"Week27.1980",192956.903655818
"Week28.1980",188236.369766227
"Week29.1980",183523.356109235
"Week30.1980",178820.490835495
"Week31.1980",174457.853593004
"Week32.1980",170170.226730054
"Week33.1980",165572.702032249
"Week34.1980",161104.271613315
"Week35.1980",156735.4636583
"Week36.1980",152496.659407429
"Week37.1980",148409.592321354
"Week38.1980",144017.016391543
"Week39.1980",140110.579498462
"Week40.1980",136260.351407053
"Week41.1980",132510.620251326
"Week42.1980",128556.365799692
"Week43.1980",124710.165842027
"Week44.1980",120979.22129671
"Week45.1980",117058.67137301
"Week46.1980",112639.190621345
"Week47.1980",108014.572064577
"Week48.1980",102955.921952982
"Week49.1980",97782.8639099027
"Week50.1980",91977.5603412007
"Week51.1980",86814.0385533426
"Week52.1980",81691.1196371394
"Week1.1981",76899.9191143645
"Week2.1981",71978.7895916501
"Week3.1981",67328.0406278652
"Week4.1981",62891.3167027274
"Week5.1981",58904.0299396272
"Week6.1981",54722.1913465587
"Week7.1981",50744.7799155334
"Week8.1981",46982.1571829163
"Week9.1981",44134.0813196515
"Week10.1981",41125.6104749843
"Week11.1981",38091.4630163501
"Week12.1981",35362.8542741296
"Week13.1981",32402.5721665628
"Week14.1981",29688.7648778582
"Week15.1981",27272.9835991675
"Week16.1981",24900.0988340081
"Week17.1981",22872.5594156995
"Week18.1981",21050.1871961901
"Week19.1981",19755.2347950757
"Week20.1981",21163.4724581403
"Week21.1981",36130.9284328501
"Week22.1981",80426.6693927622
"Week23.1981",142174.361504717
"Week24.1981",185678.147335152
"Week25.1981",198178.022437861
"Week26.1981",196840.383685918
"Week27.1981",192956.903655818
"Week28.1981",188236.369766227
"Week29.1981",183523.356109235
"Week30.1981",178820.490835495
"Week31.1981",174457.853593004
"Week32.1981",170170.226730054
"Week33.1981",165572.702032249
"Week34.1981",161104.271613315
"Week35.1981",156735.4636583
"Week36.1981",152496.659407429
"Week37.1981",148409.592321354
"Week38.1981",144017.016391543
"Week39.1981",140110.579498462
"Week40.1981",136260.351407053
"Week41.1981",132510.620251326
"Week42.1981",128556.365799692
"Week43.1981",124710.165842027
"Week44.1981",120979.22129671
"Week45.1981",117058.67137301
"Week46.1981",112639.190621345
"Week47.1981",108014.572064577
"Week48.1981",102955.921952982
"Week49.1981",97782.8639099027
"Week50.1981",91977.5603412007
"Week51.1981",86814.0385533426
"Week52.1981",81691.1196371394
"Week1.1982",76899.9191143645
"Week2.1982",71978.7895916501
"Week3.1982",67328.0406278652
"Week4.1982",62891.3167027274
"Week5.1982",58904.0299396272
"Week6.1982",54722.1913465587
"Week7.1982",50744.7799155334
"Week8.1982",46982.1571829163
"Week9.1982",44134.0813196515
"Week10.1982",41125.6104749843
"Week11.1982",38091.4630163501
"Week12.1982",35362.8542741296
"Week13.1982",32402.5721665628
"Week14.1982",29688.7648778582
"Week15.1982",27272.9835991675
"Week16.1982",24900.0988340081
"Week17.1982",22872.5594156995
"Week18.1982",21050.1871961901
"Week19.1982",19755.2347950757
"Week20.1982",21163.4724581403
"Week21.1982",36130.9284328501
"Week22.1982",80426.6693927622
"Week23.1982",142174.361504717
"Week24.1982",185678.147335152
"Week25.1982",198178.022437861
"Week26.1982",196840.383685918
"Week27.1982",192956.903655818
"Week28.1982",188236.369766227
"Week29.1982",183523.356109235
"Week30.1982",178820.490835495
"Week31.1982",174457.853593004
"Week32.1982",170170.226730054
"Week33.1982",165572.702032249
"Week34.1982",161104.271613315
"Week35.1982",156735.4636583
"Week36.1982",152496.659407429
"Week37.1982",148409.592321354
"Week38.1982",144017.016391543
"Week39.1982",140110.579498462
"Week40.1982",136260.351407053
"Week41.1982",132510.620251326
"Week42.1982",128556.365799692
"Week43.1982",124710.165842027
"Week44.1982",120979.22129671
"Week45.1982",117058.67137301
"Week46.1982",112639.190621345
"Week47.1982",108014.572064577
"Week48.1982",102955.921952982
"Week49.1982",97782.8639099027
"Week50.1982",91977.5603412007
"Week51.1982",86814.0385533426
"Week52.1982",81691.1196371394
"Week1.1983",76899.9191143645
"Week2.1983",71978.7895916501
"Week3.1983",67328.0406278652
"Week4.1983",62891.3167027274
"Week5.1983",58904.0299396272
"Week6.1983",54722.1913465587
"Week7.1983",50744.7799155334
"Week8.1983",46982.1571829163
"Week9.1983",44134.0813196515
"Week10.1983",41125.6104749843
"Week11.1983",38091.4630163501
"Week12.1983",35362.8542741296
"Week13.1983",32402.5721665628
"Week14.1983",29688.7648778582
"Week15.1983",27272.9835991675
"Week16.1983",24900.0988340081
"Week17.1983",22872.5594156995
"Week18.1983",21050.1871961901
"Week19.1983",19755.2347950757
"Week20.1983",21163.4724581403
"Week21.1983",36130.9284328501
"Week22.1983",80426.6693927622
"Week23.1983",142174.361504717
"Week24.1983",185678.147335152
"Week25.1983",198178.022437861
"Week26.1983",196840.383685918
"Week27.1983",192956.903655818
"Week28.1983",188236.369766227
"Week29.1983",183523.356109235
"Week30.1983",178820.490835495
"Week31.1983",174457.853593004
"Week32.1983",170170.226730054
"Week33.1983",165572.702032249
"Week34.1983",161104.271613315
"Week35.1983",156735.4636583
"Week36.1983",152496.659407429
"Week37.1983",148409.592321354
"Week38.1983",144017.016391543
"Week39.1983",140110.579498462
"Week40.1983",136260.351407053
"Week41.1983",132510.620251326
"Week42.1983",128556.365799692
"Week43.1983",124710.165842027
"Week44.1983",120979.22129671
"Week45.1983",117058.67137301
"Week46.1983",112639.190621345
"Week47.1983",108014.572064577
"Week48.1983",102955.921952982
"Week49.1983",97782.8639099027
"Week50.1983",91977.5603412007
"Week51.1983",86814.0385533426
"Week52.1983",81691.1196371394
"Week1.1984",76899.9191143645
"Week2.1984",71978.7895916501
"Week3.1984",67328.0406278652
"Week4.1984",62891.3167027274
"Week5.1984",58904.0299396272
"Week6.1984",54722.1913465587
"Week7.1984",50744.7799155334
"Week8.1984",46982.1571829163
"Week9.1984",44134.0813196515
"Week10.1984",41125.6104749843
"Week11.1984",38091.4630163501
"Week12.1984",35362.8542741296
"Week13.1984",32402.5721665628
"Week14.1984",29688.7648778582
"Week15.1984",27272.9835991675
"Week16.1984",24900.0988340081
"Week17.1984",22872.5594156995
"Week18.1984",21050.1871961901
"Week19.1984",19755.2347950757
"Week20.1984",21163.4724581403
"Week21.1984",36130.9284328501
"Week22.1984",80426.6693927622
"Week23.1984",142174.361504717
"Week24.1984",185678.147335152
"Week25.1984",198178.022437861
"Week26.1984",196840.383685918
"Week27.1984",192956.903655818
"Week28.1984",188236.369766227
"Week29.1984",183523.356109235
"Week30.1984",178820.490835495
"Week31.1984",174457.853593004
"Week32.1984",170170.226730054
"Week33.1984",165572.702032249
"Week34.1984",161104.271613315
"Week35.1984",156735.4636583
"Week36.1984",152496.659407429
"Week37.1984",148409.592321354
"Week38.1984",144017.016391543
"Week39.1984",140110.579498462
"Week40.1984",136260.351407053
"Week41.1984",132510.620251326
"Week42.1984",128556.365799692
"Week43.1984",124710.165842027
"Week44.1984",120979.22129671
"Week45.1984",117058.67137301
"Week46.1984",112639.190621345
"Week47.1984",108014.572064577
"Week48.1984",102955.921952982
"Week49.1984",97782.8639099027
"Week50.1984",91977.5603412007
"Week51.1984",86814.0385533426
"Week52.1984",81691.1196371394
"Week1.1985",76899.9191143645
"Week2.1985",71978.7895916501
"Week3.1985",67328.0406278652
"Week4.1985",62891.3167027274
"Week5.1985",58904.0299396272
"Week6.1985",54722.1913465587
"Week7.1985",50744.7799155334
"Week8.1985",46982.1571829163
"Week9.1985",44134.0813196515
"Week10.1985",41125.6104749843
"Week11.1985",38091.4630163501
"Week12.1985",35362.8542741296
"Week13.1985",32402.5721665628
"Week14.1985",29688.7648778582
"Week15.1985",27272.9835991675
"Week16.1985",24900.0988340081
"Week17.1985",22872.5594156995
"Week18.1985",21050.1871961901
"Week19.1985",19755.2347950757
"Week20.1985",21163.4724581403
"Week21.1985",36130.9284328501
"Week22.1985",80426.6693927622
"Week23.1985",142174.361504717
"Week24.1985",185678.147335152
"Week25.1985",198178.022437861
"Week26.1985",196840.383685918
"Week27.1985",192956.903655818
"Week28.1985",188236.369766227
"Week29.1985",183523.356109235
"Week30.1985",178820.490835495
"Week31.1985",174457.853593004
"Week32.1985",170170.226730054
"Week33.1985",165572.702032249
"Week34.1985",161104.271613315
"Week35.1985",156735.4636583
"Week36.1985",152496.659407429
"Week37.1985",148409.592321354
"Week38.1985",144017.016391543
"Week39.1985",140110.579498462
"Week40.1985",136260.351407053
"Week41.1985",132510.620251326
"Week42.1985",128556.365799692
"Week43.1985",124710.165842027
"Week44.1985",120979.22129671
"Week45.1985",117058.67137301
"Week46.1985",112639.190621345
"Week47.1985",108014.572064577
"Week48.1985",102955.921952982
"Week49.1985",97782.8639099027
"Week50.1985",91977.5603412007
"Week51.1985",86814.0385533426
"Week52.1985",81691.1196371394
"Week1.1986",76899.9191143645
"Week2.1986",71978.7895916501
"Week3.1986",67328.0406278652
"Week4.1986",62891.3167027274
"Week5.1986",58904.0299396272
"Week6.1986",54722.1913465587
"Week7.1986",50744.7799155334
"Week8.1986",46982.1571829163
"Week9.1986",44134.0813196515
"Week10.1986",41125.6104749843
"Week11.1986",38091.4630163501
"Week12.1986",35362.8542741296
"Week13.1986",32402.5721665628
"Week14.1986",29688.7648778582
"Week15.1986",27272.9835991675
"Week16.1986",24900.0988340081
"Week17.1986",22872.5594156995
"Week18.1986",21050.1871961901
"Week19.1986",19755.2347950757
"Week20.1986",21163.4724581403
"Week21.1986",36130.9284328501
"Week22.1986",80426.6693927622
"Week23.1986",142174.361504717
"Week24.1986",185678.147335152
"Week25.1986",198178.022437861
"Week26.1986",196840.383685918
"Week27.1986",192956.903655818
"Week28.1986",188236.369766227
"Week29.1986",183523.356109235
"Week30.1986",178820.490835495
"Week31.1986",174457.853593004
"Week32.1986",170170.226730054
"Week33.1986",165572.702032249
"Week34.1986",161104.271613315
"Week35.1986",156735.4636583
"Week36.1986",152496.659407429
"Week37.1986",148409.592321354
"Week38.1986",144017.016391543
"Week39.1986",140110.579498462
"Week40.1986",136260.351407053
"Week41.1986",132510.620251326
"Week42.1986",128556.365799692
"Week43.1986",124710.165842027
"Week44.1986",120979.22129671
"Week45.1986",117058.67137301
"Week46.1986",112639.190621345
"Week47.1986",108014.572064577
"Week48.1986",102955.921952982
"Week49.1986",97782.8639099027
"Week50.1986",91977.5603412007
"Week51.1986",86814.0385533426
"Week52.1986",81691.1196371394
"Week1.1987",76899.9191143645
"Week2.1987",71978.7895916501
"Week3.1987",67328.0406278652
"Week4.1987",62891.3167027274
"Week5.1987",58904.0299396272
"Week6.1987",54722.1913465587
"Week7.1987",50744.7799155334
"Week8.1987",46982.1571829163
"Week9.1987",44134.0813196515
"Week10.1987",41125.6104749843
"Week11.1987",38091.4630163501
"Week12.1987",35362.8542741296
"Week13.1987",32402.5721665628
"Week14.1987",29688.7648778582
"Week15.1987",27272.9835991675
"Week16.1987",24900.0988340081
"Week17.1987",22872.5594156995
"Week18.1987",21050.1871961901
"Week19.1987",19755.2347950757
"Week20.1987",21163.4724581403
"Week21.1987",36130.9284328501
"Week22.1987",80426.6693927622
"Week23.1987",142174.361504717
"Week24.1987",185678.147335152
"Week25.1987",198178.022437861
"Week26.1987",196840.383685918
"Week27.1987",192956.903655818
"Week28.1987",188236.369766227
"Week29.1987",183523.356109235
"Week30.1987",178820.490835495
"Week31.1987",174457.853593004
"Week32.1987",170170.226730054
"Week33.1987",165572.702032249
"Week34.1987",161104.271613315
"Week35.1987",156735.4636583
"Week36.1987",152496.659407429
"Week37.1987",148409.592321354
"Week38.1987",144017.016391543
"Week39.1987",140110.579498462
"Week40.1987",136260.351407053
"Week41.1987",132510.620251326
"Week42.1987",128556.365799692
"Week43.1987",124710.165842027
"Week44.1987",120979.22129671
"Week45.1987",117058.67137301
"Week46.1987",112639.190621345
"Week47.1987",108014.572064577
"Week48.1987",102955.921952982
"Week49.1987",97782.8639099027
"Week50.1987",91977.5603412007
"Week51.1987",86814.0385533426
"Week52.1987",81691.1196371394
"Week1.1988",76899.9191143645
"Week2.1988",71978.7895916501
"Week3.1988",67328.0406278652
"Week4.1988",62891.3167027274
"Week5.1988",58904.0299396272
"Week6.1988",54722.1913465587
"Week7.1988",50744.7799155334
"Week8.1988",46982.1571829163
"Week9.1988",44134.0813196515
"Week10.1988",41125.6104749843
"Week11.1988",38091.4630163501
"Week12.1988",35362.8542741296
"Week13.1988",32402.5721665628
"Week14.1988",29688.7648778582
"Week15.1988",27272.9835991675
"Week16.1988",24900.0988340081
"Week17.1988",22872.5594156995
"Week18.1988",21050.1871961901
"Week19.1988",19755.2347950757
"Week20.1988",21163.4724581403
"Week21.1988",36130.9284328501
"Week22.1988",80426.6693927622
"Week23.1988",142174.361504717
"Week24.1988",185678.147335152
"Week25.1988",198178.022437861
"Week26.1988",196840.383685918
"Week27.1988",192956.903655818
"Week28.1988",188236.369766227
"Week29.1988",183523.356109235
"Week30.1988",178820.490835495
"Week31.1988",174457.853593004
"Week32.1988",170170.226730054
"Week33.1988",165572.702032249
"Week34.1988",161104.271613315
"Week35.1988",156735.4636583
"Week36.1988",152496.659407429
"Week37.1988",148409.592321354
"Week38.1988",144017.016391543
"Week39.1988",140110.579498462
"Week40.1988",136260.351407053
"Week41.1988",132510.620251326
"Week42.1988",128556.365799692
"Week43.1988",124710.165842027
"Week44.1988",120979.22129671
"Week45.1988",117058.67137301
"Week46.1988",112639.190621345
"Week47.1988",108014.572064577
"Week48.1988",102955.921952982
"Week49.1988",97782.8639099027
"Week50.1988",91977.5603412007
"Week51.1988",86814.0385533426
"Week52.1988",81691.1196371394
"Week1.1989",76899.9191143645
"Week2.1989",71978.7895916501
"Week3.1989",67328.0406278652
"Week4.1989",62891.3167027274
"Week5.1989",58904.0299396272
"Week6.1989",54722.1913465587
"Week7.1989",50744.7799155334
"Week8.1989",46982.1571829163
"Week9.1989",44134.0813196515
"Week10.1989",41125.6104749843
"Week11.1989",38091.4630163501
"Week12.1989",35362.8542741296
"Week13.1989",32402.5721665628
"Week14.1989",29688.7648778582
"Week15.1989",27272.9835991675
"Week16.1989",24900.0988340081
"Week17.1989",22872.5594156995
"Week18.1989",21050.1871961901
"Week19.1989",19755.2347950757
"Week20.1989",21163.4724581403
"Week21.1989",36130.9284328501
"Week22.1989",80426.6693927622
"Week23.1989",142174.361504717
"Week24.1989",185678.147335152
"Week25.1989",198178.022437861
"Week26.1989",196840.383685918
"Week27.1989",192956.903655818
"Week28.1989",188236.369766227
"Week29.1989",183523.356109235
"Week30.1989",178820.490835495
"Week31.1989",174457.853593004
"Week32.1989",170170.226730054
"Week33.1989",165572.702032249
"Week34.1989",161104.271613315
"Week35.1989",156735.4636583
"Week36.1989",152496.659407429
"Week37.1989",148409.592321354
"Week38.1989",144017.016391543
"Week39.1989",140110.579498462
"Week40.1989",136260.351407053
"Week41.1989",132510.620251326
"Week42.1989",128556.365799692
"Week43.1989",124710.165842027
"Week44.1989",120979.22129671
"Week45.1989",117058.67137301
"Week46.1989",112639.190621345
"Week47.1989",108014.572064577
"Week48.1989",102955.921952982
"Week49.1989",97782.8639099027
"Week50.1989",91977.5603412007
"Week51.1989",86814.0385533426
"Week52.1989",81691.1196371394
"Week1.1990",76899.9191143645
"Week2.1990",71978.7895916501
"Week3.1990",67328.0406278652
"Week4.1990",62891.3167027274
"Week5.1990",58904.0299396272
"Week6.1990",54722.1913465587
"Week7.1990",50744.7799155334
"Week8.1990",46982.1571829163
"Week9.1990",44134.0813196515
"Week10.1990",41125.6104749843
"Week11.1990",38091.4630163501
"Week12.1990",35362.8542741296
"Week13.1990",32402.5721665628
"Week14.1990",29688.7648778582
"Week15.1990",27272.9835991675
"Week16.1990",24900.0988340081
"Week17.1990",22872.5594156995
"Week18.1990",21050.1871961901
"Week19.1990",19755.2347950757
"Week20.1990",21163.4724581403
"Week21.1990",36130.9284328501
"Week22.1990",80426.6693927622
"Week23.1990",142174.361504717
"Week24.1990",185678.147335152
"Week25.1990",198178.022437861
"Week26.1990",196840.383685918
"Week27.1990",192956.903655818
"Week28.1990",188236.369766227
"Week29.1990",183523.356109235
"Week30.1990",178820.490835495
"Week31.1990",174457.853593004
"Week32.1990",170170.226730054
"Week33.1990",165572.702032249
"Week34.1990",161104.271613315
"Week35.1990",156735.4636583
"Week36.1990",152496.659407429
"Week37.1990",148409.592321354
"Week38.1990",144017.016391543
"Week39.1990",140110.579498462
"Week40.1990",136260.351407053
"Week41.1990",132510.620251326
"Week42.1990",128556.365799692
"Week43.1990",124710.165842027
"Week44.1990",120979.22129671
"Week45.1990",117058.67137301
"Week46.1990",112639.190621345
"Week47.1990",108014.572064577
"Week48.1990",102955.921952982
"Week49.1990",97782.8639099027
"Week50.1990",91977.5603412007
"Week51.1990",86814.0385533426
"Week52.1990",81691.1196371394
"Week1.1991",76899.9191143645
"Week2.1991",71978.7895916501
"Week3.1991",67328.0406278652
"Week4.1991",62891.3167027274
"Week5.1991",58904.0299396272
"Week6.1991",54722.1913465587
"Week7.1991",50744.7799155334
"Week8.1991",46982.1571829163
"Week9.1991",44134.0813196515
"Week10.1991",41125.6104749843
"Week11.1991",38091.4630163501
"Week12.1991",35362.8542741296
"Week13.1991",32402.5721665628
"Week14.1991",29688.7648778582
"Week15.1991",27272.9835991675
"Week16.1991",24900.0988340081
"Week17.1991",22872.5594156995
"Week18.1991",21050.1871961901
"Week19.1991",19755.2347950757
"Week20.1991",21163.4724581403
"Week21.1991",36130.9284328501
"Week22.1991",80426.6693927622
"Week23.1991",142174.361504717
"Week24.1991",185678.147335152
"Week25.1991",198178.022437861
"Week26.1991",196840.383685918
"Week27.1991",192956.903655818
"Week28.1991",188236.369766227
"Week29.1991",183523.356109235
"Week30.1991",178820.490835495
"Week31.1991",174457.853593004
"Week32.1991",170170.226730054
"Week33.1991",165572.702032249
"Week34.1991",161104.271613315
"Week35.1991",156735.4636583
"Week36.1991",152496.659407429
"Week37.1991",148409.592321354
"Week38.1991",144017.016391543
"Week39.1991",140110.579498462
"Week40.1991",136260.351407053
"Week41.1991",132510.620251326
"Week42.1991",128556.365799692
"Week43.1991",124710.165842027
"Week44.1991",120979.22129671
"Week45.1991",117058.67137301
"Week46.1991",112639.190621345
"Week47.1991",108014.572064577
"Week48.1991",102955.921952982
"Week49.1991",97782.8639099027
"Week50.1991",91977.5603412007
"Week51.1991",86814.0385533426
"Week52.1991",81691.1196371394
"Week1.1992",76899.9191143645
"Week2.1992",71978.7895916501
"Week3.1992",67328.0406278652
"Week4.1992",62891.3167027274
"Week5.1992",58904.0299396272
"Week6.1992",54722.1913465587
"Week7.1992",50744.7799155334
"Week8.1992",46982.1571829163
"Week9.1992",44134.0813196515
"Week10.1992",41125.6104749843
"Week11.1992",38091.4630163501
"Week12.1992",35362.8542741296
"Week13.1992",32402.5721665628
"Week14.1992",29688.7648778582
"Week15.1992",27272.9835991675
"Week16.1992",24900.0988340081
"Week17.1992",22872.5594156995
"Week18.1992",21050.1871961901
"Week19.1992",19755.2347950757
"Week20.1992",21163.4724581403
"Week21.1992",36130.9284328501
"Week22.1992",80426.6693927622
"Week23.1992",142174.361504717
"Week24.1992",185678.147335152
"Week25.1992",198178.022437861
"Week26.1992",196840.383685918
"Week27.1992",192956.903655818
"Week28.1992",188236.369766227
"Week29.1992",183523.356109235
"Week30.1992",178820.490835495
"Week31.1992",174457.853593004
"Week32.1992",170170.226730054
"Week33.1992",165572.702032249
"Week34.1992",161104.271613315
"Week35.1992",156735.4636583
"Week36.1992",152496.659407429
"Week37.1992",148409.592321354
"Week38.1992",144017.016391543
"Week39.1992",140110.579498462
"Week40.1992",136260.351407053
"Week41.1992",132510.620251326
"Week42.1992",128556.365799692
"Week43.1992",124710.165842027
"Week44.1992",120979.22129671
"Week45.1992",117058.67137301
"Week46.1992",112639.190621345
"Week47.1992",108014.572064577
"Week48.1992",102955.921952982
"Week49.1992",97782.8639099027
"Week50.1992",91977.5603412007
"Week51.1992",86814.0385533426
"Week52.1992",81691.1196371394
"Week1.1993",76899.9191143645
"Week2.1993",71978.7895916501
"Week3.1993",67328.0406278652
"Week4.1993",62891.3167027274
"Week5.1993",58904.0299396272
"Week6.1993",54722.1913465587
"Week7.1993",50744.7799155334
"Week8.1993",46982.1571829163
"Week9.1993",44134.0813196515
"Week10.1993",41125.6104749843
"Week11.1993",38091.4630163501
"Week12.1993",35362.8542741296
"Week13.1993",32402.5721665628
"Week14.1993",29688.7648778582
"Week15.1993",27272.9835991675
"Week16.1993",24900.0988340081
"Week17.1993",22872.5594156995
"Week18.1993",21050.1871961901
"Week19.1993",19755.2347950757
"Week20.1993",21163.4724581403
"Week21.1993",36130.9284328501
"Week22.1993",80426.6693927622
"Week23.1993",142174.361504717
"Week24.1993",185678.147335152
"Week25.1993",198178.022437861
"Week26.1993",196840.383685918
"Week27.1993",192956.903655818
"Week28.1993",188236.369766227
"Week29.1993",183523.356109235
"Week30.1993",178820.490835495
"Week31.1993",174457.853593004
"Week32.1993",170170.226730054
"Week33.1993",165572.702032249
"Week34.1993",161104.271613315
"Week35.1993",156735.4636583
"Week36.1993",152496.659407429
"Week37.1993",148409.592321354
"Week38.1993",144017.016391543
"Week39.1993",140110.579498462
"Week40.1993",136260.351407053
"Week41.1993",132510.620251326
"Week42.1993",128556.365799692
"Week43.1993",124710.165842027
"Week44.1993",120979.22129671
"Week45.1993",117058.67137301
"Week46.1993",112639.190621345
"Week47.1993",108014.572064577
"Week48.1993",102955.921952982
"Week49.1993",97782.8639099027
"Week50.1993",91977.5603412007
"Week51.1993",86814.0385533426
"Week52.1993",81691.1196371394
"Week1.1994",76899.9191143645
"Week2.1994",71978.7895916501
"Week3.1994",67328.0406278652
"Week4.1994",62891.3167027274
"Week5.1994",58904.0299396272
"Week6.1994",54722.1913465587
"Week7.1994",50744.7799155334
"Week8.1994",46982.1571829163
"Week9.1994",44134.0813196515
"Week10.1994",41125.6104749843
"Week11.1994",38091.4630163501
"Week12.1994",35362.8542741296
"Week13.1994",32402.5721665628
"Week14.1994",29688.7648778582
"Week15.1994",27272.9835991675
"Week16.1994",24900.0988340081
"Week17.1994",22872.5594156995
"Week18.1994",21050.1871961901
"Week19.1994",19755.2347950757
"Week20.1994",21163.4724581403
"Week21.1994",36130.9284328501
"Week22.1994",80426.6693927622
"Week23.1994",142174.361504717
"Week24.1994",185678.147335152
"Week25.1994",198178.022437861
"Week26.1994",196840.383685918
"Week27.1994",192956.903655818
"Week28.1994",188236.369766227
"Week29.1994",183523.356109235
"Week30.1994",178820.490835495
"Week31.1994",174457.853593004
"Week32.1994",170170.226730054
"Week33.1994",165572.702032249
"Week34.1994",161104.271613315
"Week35.1994",156735.4636583
"Week36.1994",152496.659407429
"Week37.1994",148409.592321354
"Week38.1994",144017.016391543
"Week39.1994",140110.579498462
"Week40.1994",136260.351407053
"Week41.1994",132510.620251326
"Week42.1994",128556.365799692
"Week43.1994",124710.165842027
"Week44.1994",120979.22129671
"Week45.1994",117058.67137301
"Week46.1994",112639.190621345
"Week47.1994",108014.572064577
"Week48.1994",102955.921952982
"Week49.1994",97782.8639099027
"Week50.1994",91977.5603412007
"Week51.1994",86814.0385533426
"Week52.1994",81691.1196371394
"Week1.1995",76899.9191143645
"Week2.1995",71978.7895916501
"Week3.1995",67328.0406278652
"Week4.1995",62891.3167027274
"Week5.1995",58904.0299396272
"Week6.1995",54722.1913465587
"Week7.1995",50744.7799155334
"Week8.1995",46982.1571829163
"Week9.1995",44134.0813196515
"Week10.1995",41125.6104749843
"Week11.1995",38091.4630163501
"Week12.1995",35362.8542741296
"Week13.1995",32402.5721665628
"Week14.1995",29688.7648778582
"Week15.1995",27272.9835991675
"Week16.1995",24900.0988340081
"Week17.1995",22872.5594156995
"Week18.1995",21050.1871961901
"Week19.1995",19755.2347950757
"Week20.1995",21163.4724581403
"Week21.1995",36130.9284328501
"Week22.1995",80426.6693927622
"Week23.1995",142174.361504717
"Week24.1995",185678.147335152
"Week25.1995",198178.022437861
"Week26.1995",196840.383685918
"Week27.1995",192956.903655818
"Week28.1995",188236.369766227
"Week29.1995",183523.356109235
"Week30.1995",178820.490835495
"Week31.1995",174457.853593004
"Week32.1995",170170.226730054
"Week33.1995",165572.702032249
"Week34.1995",161104.271613315
"Week35.1995",156735.4636583
"Week36.1995",152496.659407429
"Week37.1995",148409.592321354
"Week38.1995",144017.016391543
"Week39.1995",140110.579498462
"Week40.1995",136260.351407053
"Week41.1995",132510.620251326
"Week42.1995",128556.365799692
"Week43.1995",124710.165842027
"Week44.1995",120979.22129671
"Week45.1995",117058.67137301
"Week46.1995",112639.190621345
"Week47.1995",108014.572064577
"Week48.1995",102955.921952982
"Week49.1995",97782.8639099027
"Week50.1995",91977.5603412007
"Week51.1995",86814.0385533426
"Week52.1995",81691.1196371394
"Week1.1996",76899.9191143645
"Week2.1996",71978.7895916501
"Week3.1996",67328.0406278652
"Week4.1996",62891.3167027274
"Week5.1996",58904.0299396272
"Week6.1996",54722.1913465587
"Week7.1996",50744.7799155334
"Week8.1996",46982.1571829163
"Week9.1996",44134.0813196515
"Week10.1996",41125.6104749843
"Week11.1996",38091.4630163501
"Week12.1996",35362.8542741296
"Week13.1996",32402.5721665628
"Week14.1996",29688.7648778582
"Week15.1996",27272.9835991675
"Week16.1996",24900.0988340081
"Week17.1996",22872.5594156995
"Week18.1996",21050.1871961901
"Week19.1996",19755.2347950757
"Week20.1996",21163.4724581403
"Week21.1996",36130.9284328501
"Week22.1996",80426.6693927622
"Week23.1996",142174.361504717
"Week24.1996",185678.147335152
"Week25.1996",198178.022437861
"Week26.1996",196840.383685918
"Week27.1996",192956.903655818
"Week28.1996",188236.369766227
"Week29.1996",183523.356109235
"Week30.1996",178820.490835495
"Week31.1996",174457.853593004
"Week32.1996",170170.226730054
"Week33.1996",165572.702032249
"Week34.1996",161104.271613315
"Week35.1996",156735.4636583
"Week36.1996",152496.659407429
"Week37.1996",148409.592321354
"Week38.1996",144017.016391543
"Week39.1996",140110.579498462
"Week40.1996",136260.351407053
"Week41.1996",132510.620251326
"Week42.1996",128556.365799692
"Week43.1996",124710.165842027
"Week44.1996",120979.22129671
"Week45.1996",117058.67137301
"Week46.1996",112639.190621345
"Week47.1996",108014.572064577
"Week48.1996",102955.921952982
"Week49.1996",97782.8639099027
"Week50.1996",91977.5603412007
"Week51.1996",86814.0385533426
"Week52.1996",81691.1196371394
"Week1.1997",76899.9191143645
"Week2.1997",71978.7895916501
"Week3.1997",67328.0406278652
"Week4.1997",62891.3167027274
"Week5.1997",58904.0299396272
"Week6.1997",54722.1913465587
"Week7.1997",50744.7799155334
"Week8.1997",46982.1571829163
"Week9.1997",44134.0813196515
"Week10.1997",41125.6104749843
"Week11.1997",38091.4630163501
"Week12.1997",35362.8542741296
"Week13.1997",32402.5721665628
"Week14.1997",29688.7648778582
"Week15.1997",27272.9835991675
"Week16.1997",24900.0988340081
"Week17.1997",22872.5594156995
"Week18.1997",21050.1871961901
"Week19.1997",19755.2347950757
"Week20.1997",21163.4724581403
"Week21.1997",36130.9284328501
"Week22.1997",80426.6693927622
"Week23.1997",142174.361504717
"Week24.1997",185678.147335152
"Week25.1997",198178.022437861
"Week26.1997",196840.383685918
"Week27.1997",192956.903655818
"Week28.1997",188236.369766227
"Week29.1997",183523.356109235
"Week30.1997",178820.490835495
"Week31.1997",174457.853593004
"Week32.1997",170170.226730054
"Week33.1997",165572.702032249
"Week34.1997",161104.271613315
"Week35.1997",156735.4636583
"Week36.1997",152496.659407429
"Week37.1997",148409.592321354
"Week38.1997",144017.016391543
"Week39.1997",140110.579498462
"Week40.1997",136260.351407053
"Week41.1997",132510.620251326
"Week42.1997",128556.365799692
"Week43.1997",124710.165842027
"Week44.1997",120979.22129671
"Week45.1997",117058.67137301
"Week46.1997",112639.190621345
"Week47.1997",108014.572064577
"Week48.1997",102955.921952982
"Week49.1997",97782.8639099027
"Week50.1997",91977.5603412007
"Week51.1997",86814.0385533426
"Week52.1997",81691.1196371394
"Week1.1998",76899.9191143645
"Week2.1998",71978.7895916501
"Week3.1998",67328.0406278652
"Week4.1998",62891.3167027274
"Week5.1998",58904.0299396272
"Week6.1998",54722.1913465587
"Week7.1998",50744.7799155334
"Week8.1998",46982.1571829163
"Week9.1998",44134.0813196515
"Week10.1998",41125.6104749843
"Week11.1998",38091.4630163501
"Week12.1998",35362.8542741296
"Week13.1998",32402.5721665628
"Week14.1998",29688.7648778582
"Week15.1998",27272.9835991675
"Week16.1998",24900.0988340081
"Week17.1998",22872.5594156995
"Week18.1998",21050.1871961901
"Week19.1998",19755.2347950757
"Week20.1998",21163.4724581403
"Week21.1998",36130.9284328501
"Week22.1998",80426.6693927622
"Week23.1998",142174.361504717
"Week24.1998",185678.147335152
"Week25.1998",198178.022437861
"Week26.1998",196840.383685918
"Week27.1998",192956.903655818
"Week28.1998",188236.369766227
"Week29.1998",183523.356109235
"Week30.1998",178820.490835495
"Week31.1998",174457.853593004
"Week32.1998",170170.226730054
"Week33.1998",165572.702032249
"Week34.1998",161104.271613315
"Week35.1998",156735.4636583
"Week36.1998",152496.659407429
"Week37.1998",148409.592321354
"Week38.1998",144017.016391543
"Week39.1998",140110.579498462
"Week40.1998",136260.351407053
"Week41.1998",132510.620251326
"Week42.1998",128556.365799692
"Week43.1998",124710.165842027
"Week44.1998",120979.22129671
"Week45.1998",117058.67137301
"Week46.1998",112639.190621345
"Week47.1998",108014.572064577
"Week48.1998",102955.921952982
"Week49.1998",97782.8639099027
"Week50.1998",91977.5603412007
"Week51.1998",86814.0385533426
"Week52.1998",81691.1196371394
"Week1.1999",76899.9191143645
"Week2.1999",71978.7895916501
"Week3.1999",67328.0406278652
"Week4.1999",62891.3167027274
"Week5.1999",58904.0299396272
"Week6.1999",54722.1913465587
"Week7.1999",50744.7799155334
"Week8.1999",46982.1571829163
"Week9.1999",44134.0813196515
"Week10.1999",41125.6104749843
"Week11.1999",38091.4630163501
"Week12.1999",35362.8542741296
"Week13.1999",32402.5721665628
"Week14.1999",29688.7648778582
"Week15.1999",27272.9835991675
"Week16.1999",24900.0988340081
"Week17.1999",22872.5594156995
"Week18.1999",21050.1871961901
"Week19.1999",19755.2347950757
"Week20.1999",21163.4724581403
"Week21.1999",36130.9284328501
"Week22.1999",80426.6693927622
"Week23.1999",142174.361504717
"Week24.1999",185678.147335152
"Week25.1999",198178.022437861
"Week26.1999",196840.383685918
"Week27.1999",192956.903655818
"Week28.1999",188236.369766227
"Week29.1999",183523.356109235
"Week30.1999",178820.490835495
"Week31.1999",174457.853593004
"Week32.1999",170170.226730054
"Week33.1999",165572.702032249
"Week34.1999",161104.271613315
"Week35.1999",156735.4636583
"Week36.1999",152496.659407429
"Week37.1999",148409.592321354
"Week38.1999",144017.016391543
"Week39.1999",140110.579498462
"Week40.1999",136260.351407053
"Week41.1999",132510.620251326
"Week42.1999",128556.365799692
"Week43.1999",124710.165842027
"Week44.1999",120979.22129671
"Week45.1999",117058.67137301
"Week46.1999",112639.190621345
"Week47.1999",108014.572064577
"Week48.1999",102955.921952982
"Week49.1999",97782.8639099027
"Week50.1999",91977.5603412007
"Week51.1999",86814.0385533426
"Week52.1999",81691.1196371394
"Week1.2000",76899.9191143645
"Week2.2000",71978.7895916501
"Week3.2000",67328.0406278652
"Week4.2000",62891.3167027274
"Week5.2000",58904.0299396272
"Week6.2000",54722.1913465587
"Week7.2000",50744.7799155334
"Week8.2000",46982.1571829163
"Week9.2000",44134.0813196515
"Week10.2000",41125.6104749843
"Week11.2000",38091.4630163501
"Week12.2000",35362.8542741296
"Week13.2000",32402.5721665628
"Week14.2000",29688.7648778582
"Week15.2000",27272.9835991675
"Week16.2000",24900.0988340081
"Week17.2000",22872.5594156995
"Week18.2000",21050.1871961901
"Week19.2000",19755.2347950757
"Week20.2000",21163.4724581403
"Week21.2000",36130.9284328501
"Week22.2000",80426.6693927622
"Week23.2000",142174.361504717
"Week24.2000",185678.147335152
"Week25.2000",198178.022437861
"Week26.2000",196840.383685918
"Week27.2000",192956.903655818
"Week28.2000",188236.369766227
"Week29.2000",183523.356109235
"Week30.2000",178820.490835495
"Week31.2000",174457.853593004
"Week32.2000",170170.226730054
"Week33.2000",165572.702032249
"Week34.2000",161104.271613315
"Week35.2000",156735.4636583
"Week36.2000",152496.659407429
"Week37.2000",148409.592321354
"Week38.2000",144017.016391543
"Week39.2000",140110.579498462
"Week40.2000",136260.351407053
"Week41.2000",132510.620251326
"Week42.2000",128556.365799692
"Week43.2000",124710.165842027
"Week44.2000",120979.22129671
"Week45.2000",117058.67137301
"Week46.2000",112639.190621345
"Week47.2000",108014.572064577
"Week48.2000",102955.921952982
"Week49.2000",97782.8639099027
"Week50.2000",91977.5603412007
"Week51.2000",86814.0385533426
"Week52.2000",81691.1196371394
"Week1.2001",76899.9191143645
"Week2.2001",71978.7895916501
"Week3.2001",67328.0406278652
"Week4.2001",62891.3167027274
"Week5.2001",58904.0299396272
"Week6.2001",54722.1913465587
"Week7.2001",50744.7799155334
"Week8.2001",46982.1571829163
"Week9.2001",44134.0813196515
"Week10.2001",41125.6104749843
"Week11.2001",38091.4630163501
"Week12.2001",35362.8542741297
"Week13.2001",32402.5721665768
"Week14.2001",29688.7648808485
"Week15.2001",27272.9840469003
"Week16.2001",24900.1426844954
"Week17.2001",22875.2022487568
"Week18.2001",21143.2516118337
"Week19.2001",21595.4594104239
"Week20.2001",41069.8563856321
"Week21.2001",153604.841420312
"Week22.2001",468824.241860081
"Week23.2001",906329.761935053
"Week24.2001",1215603.21998419
"Week25.2001",1308953.51708024
"Week26.2001",1305210.81490303
"Week27.2001",1282928.39598417
"Week28.2001",1254387.51994337
"Week29.2001",1225395.25528092
"Week30.2001",1196060.42282679
"Week31.2001",1168663.16362338
"Week32.2001",1141488.77442511
"Week33.2001",1111996.71961207
"Week34.2001",1083167.28425739
"Week35.2001",1054833.49958533
"Week36.2001",1027224.68238256
"Week37.2001",1000509.09749813
"Week38.2001",971620.013354117
"Week39.2001",945910.65265116
"Week40.2001",920494.496988985
"Week41.2001",895681.715283029
"Week42.2001",869418.728649354
"Week43.2001",843825.1619311
"Week44.2001",818956.978211436
"Week45.2001",792756.322116244
"Week46.2001",763131.1387526
"Week47.2001",732072.709876258
"Week48.2001",698030.979589656
"Week49.2001",663174.189897596
"Week50.2001",623992.768712322
"Week51.2001",589135.762727767
"Week52.2001",554543.879433101
"Week1.2002",522217.583619092
"Week2.2002",489008.036581731
"Week3.2002",457579.929265815
"Week4.2002",427539.98673197
"Week5.2002",400517.395609732
"Week6.2002",372152.710161119
"Week7.2002",345164.038656082
"Week8.2002",319624.178878543
"Week9.2002",300296.0792343
"Week10.2002",279868.047032908
"Week11.2002",259256.961052541
"Week12.2002",240717.923189451
"Week13.2002",220595.207171034
"Week14.2002",202144.431349779
"Week15.2002",185717.567596019
"Week16.2002",169578.074281329
"Week17.2002",155787.707328826
"Week18.2002",143437.814736342
"Week19.2002",135555.413670646
"Week20.2002",154730.757729552
"Week21.2002",308391.596196548
"Week22.2002",753684.479609779
"Week23.2002",1373402.32666582
"Week24.2002",1810566.63512758
"Week25.2002",1938555.22245386
"Week26.2002",1928170.69263649
"Week27.2002",1891969.41526371
"Week28.2002",1847193.13315156
"Week29.2002",1802224.57713917
"Week30.2002",1757138.01913539
"Week31.2002",1715215.30242477
"Week32.2002",1673881.72970098
"Week33.2002",1629373.10496365
"Week34.2002",1586026.44129072
"Week35.2002",1543568.15398495
"Week36.2002",1502310.64495888
"Week37.2002",1462479.59570082
"Week38.2002",1419577.50753352
"Week39.2002",1381414.21169822
"Week40.2002",1343759.34308519
"Week41.2002",1307055.48074021
"Week42.2002",1268298.29687721
"Week43.2002",1230574.61203429
"Week44.2002",1193959.32580437
"Week45.2002",1155446.82482668
"Week46.2002",1111985.33205077
"Week47.2002",1066475.65868862
"Week48.2002",1016658.52918512
"Week49.2002",965690.786124134
"Week50.2002",908459.984470647
"Week51.2002",857556.227598577
"Week52.2002",807066.964895707
"Week1.2003",759902.408132551
"Week2.2003",711476.533869667
"Week3.2003",665660.213976385
"Week4.2003",621877.488839241
"Week5.2003",582497.401059771
"Week6.2003",541179.122042722
"Week7.2003",501874.890623585
"Week8.2003",464688.793800747
"Week9.2003",436543.212123597
"Week10.2003",406806.790626128
"Week11.2003",376812.185037316
"Week12.2003",349836.277352964
"Week13.2003",320565.122323065
"Week14.2003",293729.341121092
"Week15.2003",269839.450532756
"Week16.2003",246371.517090507
"Week17.2003",226314.830858342
"Week18.2003",208161.133954483
"Week19.2003",192860.230801049
"Week20.2003",181015.226665577
"Week21.2003",189871.710214599
"Week22.2003",241513.488393786
"Week23.2003",316219.824634578
"Week24.2003",367379.566359251
"Week25.2003",375675.454000197
"Week26.2003",365872.726601302
"Week27.2003",353705.493193669
"Week28.2003",340992.877516037
"Week29.2003",329009.478314039
"Week30.2003",317629.790035635
"Week31.2003",307336.854819179
"Week32.2003",297575.046818011
"Week33.2003",287612.205806377
"Week34.2003",278165.250395113
"Week35.2003",269138.807661918
"Week36.2003",260549.596043781
"Week37.2003",252403.53308005
"Week38.2003",243900.397275216
"Week39.2003",236363.313242648
"Week40.2003",229044.155848955
"Week41.2003",222001.694068468
"Week42.2003",214713.282275932
"Week43.2003",207692.882734666
"Week44.2003",200942.159635229
"Week45.2003",193946.365496368
"Week46.2003",186189.015369256
"Week47.2003",178154.559900088
"Week48.2003",169463.652823362
"Week49.2003",160640.643545873
"Week50.2003",150831.477769165
"Week51.2003",142118.865925007
"Week52.2003",133497.138540061
"Week1.2004",125418.094493328
"Week2.2004",117140.104364227
"Week3.2004",109364.335216763
"Week4.2004",102007.170502447
"Week5.2004",95422.3835661946
"Week6.2004",88547.8294730336
"Week7.2004",82024.3488785198
"Week8.2004",75865.5725328713
"Week9.2004",71197.9706726343
"Week10.2004",66283.9679740105
"Week11.2004",61340.5617780813
"Week12.2004",56899.9808012132
"Week13.2004",52096.2182066415
"Week14.2004",47697.4440960365
"Week15.2004",43785.0819664499
"Week16.2004",39948.4503582782
"Week17.2004",36672.3511592047
"Week18.2004",33747.6362987947
"Week19.2004",32001.4791404647
"Week20.2004",37832.3819147546
"Week21.2004",81185.6014778602
"Week22.2004",205971.843884591
"Week23.2004",379550.224411582
"Week24.2004",502047.999094175
"Week25.2004",538134.791511062
"Week26.2004",535511.53101339
"Week27.2004",525632.379529576
"Week28.2004",513335.821064275
"Week29.2004",500960.633613783
"Week30.2004",488531.978299517
"Week31.2004",476965.930784734
"Week32.2004",465549.668934949
"Week33.2004",453238.356916294
"Week34.2004",441240.020675815
"Week35.2004",429480.085816653
"Week36.2004",418046.691204812
"Week37.2004",407003.775823022
"Week38.2004",395100.534799521
"Week39.2004",384511.216141868
"Week40.2004",374059.08603588
"Week41.2004",363867.902263281
"Week42.2004",353101.704683932
"Week43.2004",342620.151432483
"Week44.2004",332444.451529687
"Week45.2004",321738.049583255
"Week46.2004",309651.323548395
"Week47.2004",296992.068759477
"Week48.2004",283131.160993089
"Week49.2004",268947.806156713
"Week50.2004",253017.700329628
"Week51.2004",238841.646629482
"Week52.2004",224747.961914756
"Week1.2005",211511.754715096
"Week2.2005",197884.745252135
"Week3.2005",185038.495888312
"Week4.2005",172835.298897941
"Week5.2005",161890.422787974
"Week6.2005",150412.909906796
"Week7.2005",139494.613457335
"Week8.2005",129163.929045894
"Week9.2005",121345.177340704
"Week10.2005",113083.406047343
"Week11.2005",104749.073216188
"Week12.2005",97253.1866455042
"Week13.2005",89118.5960409284
"Week14.2005",81660.4749165355
"Week15.2005",75020.8459496699
"Week16.2005",68498.0923450989
"Week17.2005",62924.3002307992
"Week18.2005",57911.416272497
"Week19.2005",54297.787823726
"Week20.2005",57617.3662902572
"Week21.2005",95789.2734490443
"Week22.2005",209303.621940479
"Week23.2005",367598.866405796
"Week24.2005",479092.596683628
"Week25.2005",510989.800968699
"Week26.2005",507384.154794766
"Week27.2005",497267.450977853
"Week28.2005",485014.879631117
"Week29.2005",472797.072650473
"Week30.2005",460618.009339435
"Week31.2005",449325.710460434
"Week32.2005",438235.187155244
"Week33.2005",426353.923299724
"Week34.2005",414811.352218404
"Week35.2005",403530.63632983
"Week36.2005",392589.236358607
"Week37.2005",382042.426151216
"Week38.2005",370712.651905439
"Week39.2005",360637.310771138
"Week40.2005",350709.297400752
"Week41.2005",341042.263114124
"Week42.2005",330850.928028918
"Week43.2005",320939.56584673
"Week44.2005",311326.486766482
"Week45.2005",301226.981396572
"Week46.2005",289844.975006312
"Week47.2005",277936.438639493
"Week48.2005",264912.361194684
"Week49.2005",251595.11910281
"Week50.2005",236652.323307042
"Week51.2005",223362.60617025
"Week52.2005",210182.134051981
"Week1.2006",197864.172567268
"Week2.2006",185217.366409396
"Week3.2006",173260.101014594
"Week4.2006",161844.52852096
"Week5.2006",151581.68416993
"Week6.2006",140817.817691601
"Week7.2006",130580.423809857
"Week8.2006",120896.183751383
"Week9.2006",113565.656719024
"Week10.2006",105822.717946427
"Week11.2006",98014.0157265179
"Week12.2006",90991.7785468768
"Week13.2006",83373.6704723392
"Week14.2006",76389.9790910177
"Week15.2006",70173.3112698979
"Week16.2006",64067.1965356055
"Week17.2006",58850.1005579799
"Week18.2006",54171.4282003466
"Week19.2006",51046.3012301524
"Week20.2006",56811.1740023543
"Week21.2006",106888.725826457
"Week22.2006",252979.064091163
"Week23.2006",456401.272739324
"Week24.2006",599843.019301941
"Week25.2006",641589.885926658
"Week26.2006",637863.046982054
"Week27.2006",625689.715192466
"Week28.2006",610719.960041367
"Week29.2006",595715.157004029
"Week30.2006",580694.654806258
"Week31.2006",566738.919445578
"Week32.2006",552993.715844651
"Week33.2006",538213.134463002
"Week34.2006",523827.961464591
"Week35.2006",509746.065419513
"Week36.2006",496069.199426414
"Week37.2006",482870.655121358
"Week38.2006",468664.595929826
"Week39.2006",456028.686575404
"Week40.2006",443565.497742887
"Week41.2006",431420.501933184
"Week42.2006",418601.597851295
"Week43.2006",406127.265496336
"Week44.2006",394021.813177907
"Week45.2006",381293.024675555
"Week46.2006",366933.670989168
"Week47.2006",351900.911003658
"Week48.2006",335449.182440078
"Week49.2006",318620.022427748
"Week50.2006",299726.364776463
"Week51.2006",282920.429889375
"Week52.2006",266244.884083261
"Week1.2007",250650.616584588
"Week2.2007",234631.893499222
"Week3.2007",219489.203219304
"Week4.2007",205038.101259685
"Week5.2007",192048.539348553
"Week6.2007",178422.537165634
"Week7.2007",165461.387417123
"Week8.2007",153199.136448408
"Week9.2007",143917.840498642
"Week10.2007",134112.483919038
"Week11.2007",124222.400563218
"Week12.2007",115327.831912855
"Week13.2007",105676.918104559
"Week14.2007",96829.1280916715
"Week15.2007",88952.7110649902
"Week16.2007",81215.6684119818
"Week17.2007",74606.505767337
"Week18.2007",68734.0593172598
"Week19.2007",65863.025300974
"Week20.2007",84431.0991037496
"Week21.2007",208717.870891308
"Week22.2007",562752.271533258
"Week23.2007",1054796.69491779
"Week24.2007",1402261.1116369
"Week25.2007",1505568.35955011
"Week26.2007",1499345.1723753
"Week27.2007",1472447.22201255
"Week28.2007",1438625.64282481
"Week29.2007",1404473.60557776
"Week30.2007",1370081.83068381
"Week31.2007",1338035.29186681
"Week32.2007",1306347.76899114
"Week33.2007",1272096.45586071
"Week34.2007",1238678.87471037
"Week35.2007",1205892.54826391
"Week36.2007",1173990.44856494
"Week37.2007",1143156.80203589
"Week38.2007",1109881.79979259
"Week39.2007",1080275.88801694
"Week40.2007",1051036.62305205
"Week41.2007",1022514.11522512
"Week42.2007",992360.990110095
"Week43.2007",962994.514541762
"Week44.2007",934475.893565328
"Week45.2007",904454.839279596
"Week46.2007",870543.502610361
"Week47.2007",835013.138730604
"Week48.2007",796095.262531696
"Week49.2007",756262.276905484
"Week50.2007",711511.119096262
"Week51.2007",671702.197229242
"Week52.2007",632201.636645102
"Week1.2008",595283.684525408
"Week2.2008",557361.997464647
"Week3.2008",521487.059620063
"Week4.2008",487212.835438959
"Week5.2008",456388.44802837
"Week6.2008",424041.302304722
"Week7.2008",393267.227601716
"Week8.2008",364148.364009918
"Week9.2008",342110.254702818
"Week10.2008",318822.218152619
"Week11.2008",295328.716954398
"Week12.2008",274198.324118674
"Week13.2008",251266.44094024
"Week14.2008",230241.191870696
"Week15.2008",211523.112154875
"Week16.2008",193134.022117883
"Week17.2008",177418.028723977
"Week18.2008",163210.714215286
"Week19.2008",151581.167089718
"Week20.2008",146032.616434495
"Week21.2008",173143.354903402
"Week22.2008",269623.818677021
"Week23.2008",405851.744607623
"Week24.2008",500887.98553016
"Week25.2008",524102.095782066
"Week26.2008",515920.581864031
"Week27.2008",502579.720734911
"Week28.2008",487690.633518743
"Week29.2008",473278.257844871
"Week30.2008",459266.186510565
"Week31.2008",446436.186068531
"Week32.2008",434053.072567933
"Week33.2008",421097.312656773
"Week34.2008",408656.218985809
"Week35.2008",396626.615066031
"Week36.2008",385062.737973256
"Week37.2008",373999.509310993
"Week38.2008",362270.211902973
"Week39.2008",351854.988109857
"Week40.2008",341659.580823761
"Week41.2008",331785.019543525
"Week42.2008",321460.152403256
"Week43.2008",311461.419705926
"Week44.2008",301800.208073688
"Week45.2008",291710.632801747
"Week46.2008",280419.303225102
"Week47.2008",268656.880662933
"Week48.2008",255852.898589224
"Week49.2008",242800.532191587
"Week50.2008",228211.984942827
"Week51.2008",215245.724189097
"Week52.2008",202404.222803543
"Week1.2009",190403.003622413
"Week2.2009",178098.710287675
"Week3.2009",166488.10686095
"Week4.2009",155430.925049594
"Week5.2009",145502.674223817
"Week6.2009",135108.251200631
"Week7.2009",125231.474668954
"Week8.2009",115896.093415843
"Week9.2009",108826.036336244
"Week10.2009",101368.469174032
"Week11.2009",93855.3656761513
"Week12.2009",87102.082965905
"Week13.2009",79784.371281235
"Week14.2009",73079.1878420839
"Week15.2009",67112.5222493331
"Week16.2009",61255.8862396281
"Week17.2009",56254.811736145
"Week18.2009",51834.6223025587
"Week19.2009",50092.4467977706
"Week20.2009",68576.6588727196
"Week21.2009",186546.679788811
"Week22.2009",520861.328381976
"Week23.2009",985309.933844477
"Week24.2009",1313392.05908268
"Week25.2009",1411391.66353886
"Week26.2009",1406100.32929992
"Week27.2009",1381242.87751358
"Week28.2009",1349817.22601422
"Week29.2009",1318028.56631254
"Week30.2009",1285971.61856097
"Week31.2009",1256080.28693649
"Week32.2009",1226496.55030292
"Week33.2009",1194480.61774749
"Week34.2009",1163226.07907595
"Week35.2009",1132546.04899675
"Week36.2009",1102680.70256607
"Week37.2009",1073805.39509252
"Week38.2009",1042624.92926403
"Week39.2009",1014880.7462897
"Week40.2009",987471.976255389
"Week41.2009",960728.710054073
"Week42.2009",932446.265507968
"Week43.2009",904896.549567465
"Week44.2009",878137.827347495
"Week45.2009",849962.137725658
"Week46.2009",818125.798847334
"Week47.2009",784763.378348488
"Week48.2009",748212.934000789
"Week49.2009",710798.283954173
"Week50.2009",668756.911308967
"Week51.2009",631353.684889128
"Week52.2009",594219.431181858
"Week1.2010",559472.102395561
"Week2.2010",523757.214663198
"Week3.2010",489994.965860575
"Week4.2010",457779.107315749
"Week5.2010",428822.962941694
"Week6.2010",398438.276902153
"Week7.2010",369530.287866515
"Week8.2010",342176.024502127
"Week9.2010",321473.95332131
"Week10.2010",299596.220520619
"Week11.2010",277524.316540976
"Week12.2010",257672.068225426
"Week13.2010",236126.02996015
"Week14.2010",216370.941701893
"Week15.2010",198783.337471828
"Week16.2010",181504.282553771
"Week17.2010",166736.900878529
"Week18.2010",153389.862822377
"Week19.2010",142520.69010658
"Week20.2010",137914.353498922
"Week21.2010",166671.98064502
"Week22.2010",266447.374895358
"Week23.2010",407099.286672902
"Week24.2010",505343.847426962
"Week25.2010",529877.035451461
"Week26.2010",522107.385157843
"Week27.2010",508951.586408968
"Week28.2010",494158.552604715
"Week29.2010",479798.075191118
"Week30.2010",465801.92681554
"Week31.2010",452970.346907054
"Week32.2010",440563.701792019
"Week33.2010",427551.39760256
"Week34.2010",415040.691399085
"Week35.2010",402930.00139506
"Week36.2010",391276.988628289
"Week37.2010",380119.394717918
"Week38.2010",368273.045237726
"Week39.2010",357752.171630648
"Week40.2010",347445.840962517
"Week41.2010",337457.935762191
"Week42.2010",327004.967764209
"Week43.2010",316877.363002097
"Week44.2010",307087.462286135
"Week45.2010",296856.575661742
"Week46.2010",285397.960641351
"Week47.2010",273455.33925414
"Week48.2010",260448.191155911
"Week49.2010",247184.066522525
"Week50.2010",232352.201950291
"Week51.2010",219169.225153727
"Week52.2010",206113.537352319
