"","x"
"Week1.1956",7.56943e-12
"Week2.1956",6.80998657485505e-12
"Week3.1956",6.12704348450538e-12
"Week4.1956",5.50671228527493e-12
"Week5.1956",4.97351723388053e-12
"Week6.1956",4.44430699366886e-12
"Week7.1956",3.96590163632552e-12
"Week8.1956",3.53552967223451e-12
"Week9.1956",3.22320716400407e-12
"Week10.1956",2.90834318666933e-12
"Week11.1956",2.60547886472599e-12
"Week12.1956",2.34600944515393e-12
"Week13.1956",2.07653451024760e-12
"Week14.1956",1.84173702371247e-12
"Week15.1956",1.6433793888371e-12
"Week16.1956",1.45708587394636e-12
"Week17.1956",1.30687574407576e-12
"Week18.1956",1.17756670118365e-12
"Week19.1956",1.07238007073702e-12
"Week20.1956",9.72229103061964e-13
"Week21.1956",2.50350029442611e-12
"Week22.1956",4.9055106298403e-10
"Week23.1956",1.14364162328559e-07
"Week24.1956",1.91041953336694e-05
"Week25.1956",0.00212573575766632
"Week26.1956",0.147869425898938
"Week27.1956",6.08871906642577
"Week28.1956",142.046687584025
"Week29.1956",1823.15509608392
"Week30.1956",12730.1143965915
"Week31.1956",49148.6787148676
"Week32.1956",110910.509722663
"Week33.1956",163364.820829836
"Week34.1956",185250.41123473
"Week35.1956",188442.432781594
"Week36.1956",186446.071076353
"Week37.1956",183418.783163009
"Week38.1956",179202.819011837
"Week39.1956",175368.498067262
"Week40.1956",171220.869648061
"Week41.1956",166909.73907443
"Week42.1956",161936.470850267
"Week43.1956",156929.267054864
"Week44.1956",151943.432545584
"Week45.1956",146456.393950431
"Week46.1956",139940.402371579
"Week47.1956",132964.477514449
"Week48.1956",125162.703717728
"Week49.1956",117157.215277239
"Week50.1956",108098.872694659
"Week51.1956",100208.176910349
"Week52.1956",92456.3296547523
"Week1.1957",85338.1679376796
"Week2.1957",78109.1181454149
"Week3.1957",71405.4505344722
"Week4.1957",65125.721847377
"Week5.1957",59615.3568092377
"Week6.1957",53919.3550138587
"Week7.1957",48630.4695077235
"Week8.1957",43752.9902598111
"Week9.1957",40200.3036850199
"Week10.1957",36502.555881341
"Week11.1957",32853.2461915469
"Week12.1957",29666.7570395324
"Week13.1957",26281.5278384215
"Week14.1957",23278.9601232119
"Week15.1957",20695.9009220073
"Week16.1957",18234.5517074506
"Week17.1957",16207.8368757379
"Week18.1957",14431.1598228511
"Week19.1957",12947.8410197692
"Week20.1957",11472.8184689307
"Week21.1957",10249.8816029718
"Week22.1957",9290.97127945605
"Week23.1957",8246.93761444944
"Week24.1957",7398.95009140067
"Week25.1957",6575.86514108302
"Week26.1957",5875.35126624783
"Week27.1957",5371.97023144903
"Week28.1957",5944.03290916803
"Week29.1957",13495.5558676896
"Week30.1957",43458.9232674881
"Week31.1957",101811.608991572
"Week32.1957",158694.27586774
"Week33.1957",185506.106752142
"Week34.1957",190283.93183945
"Week35.1957",188123.890846646
"Week36.1957",184610.073861531
"Week37.1957",180737.903513774
"Week38.1957",175870.010633006
"Week39.1957",171494.093937563
"Week40.1957",166911.808689964
"Week41.1957",162254.283079253
"Week42.1957",157028.302452851
"Week43.1957",151834.847958554
"Week44.1957",146716.212609549
"Week45.1957",141161.690401269
"Week46.1957",134656.233192186
"Week47.1957",127746.773253238
"Week48.1957",120082.76060194
"Week49.1957",112259.067366583
"Week50.1957",103458.033098674
"Week51.1957",95801.0389998386
"Week52.1957",88300.2529936488
"Week1.1958",81425.2870465137
"Week2.1958",74462.8928523676
"Week3.1958",68017.9504190738
"Week4.1958",61989.9144261384
"Week5.1958",56703.9936046956
"Week6.1958",51250.5127409771
"Week7.1958",46193.983629557
"Week8.1958",41537.2230768676
"Week9.1958",38144.2564334291
"Week10.1958",34617.714704289
"Week11.1958",31141.1086782077
"Week12.1958",28107.624054342
"Week13.1958",24889.7124541233
"Week14.1958",22037.0414609768
"Week15.1958",19584.0366504477
"Week16.1958",17248.6956411619
"Week17.1958",15326.4266575584
"Week18.1958",13641.9333026819
"Week19.1958",12235.7242655559
"Week20.1958",10838.3074263865
"Week21.1958",9680.19389114096
"Week22.1958",8772.39139592116
"Week23.1958",7784.81362052742
"Week24.1958",6984.60965427338
"Week25.1958",6260.91274377433
"Week26.1958",6416.24035973229
"Week27.1958",12388.9417184521
"Week28.1958",38667.0897824971
"Week29.1958",94120.807393499
"Week30.1958",152285.256253574
"Week31.1958",182170.784232627
"Week32.1958",188002.598468331
"Week33.1958",185106.458943085
"Week34.1958",180718.098045932
"Week35.1958",175979.084540202
"Week36.1958",171117.590032256
"Week37.1958",166239.346733458
"Week38.1958",160664.01876449
"Week39.1958",155724.471298335
"Week40.1958",150752.752613242
"Week41.1958",145848.188345429
"Week42.1958",140548.063771199
"Week43.1958",135376.172711859
"Week44.1958",130353.603005118
"Week45.1958",125012.480306888
"Week46.1958",118896.48791827
"Week47.1958",112490.675177097
"Week48.1958",105481.181060063
"Week49.1958",98383.6246458362
"Week50.1958",90477.1629366636
"Week51.1958",83615.155102843
"Week52.1958",76927.386971918
"Week1.1959",70818.619375767
"Week2.1959",64662.8794595946
"Week3.1959",58979.4393059758
"Week4.1959",53675.7500460125
"Week5.1959",49032.2676830896
"Week6.1959",44262.3016620452
"Week7.1959",39851.2037767089
"Week8.1959",35796.4061042226
"Week9.1959",32838.5508296129
"Week10.1959",29772.9708648146
"Week11.1959",26758.4003311341
"Week12.1959",24131.1809768492
"Week13.1959",21350.9579509312
"Week14.1959",18889.3617190343
"Week15.1959",16774.9891678616
"Week16.1959",14764.8961645539
"Week17.1959",13110.8885353796
"Week18.1959",11662.2101549244
"Week19.1959",10453.4708382027
"Week20.1959",9254.49690958436
"Week21.1959",8261.60199602223
"Week22.1959",7483.23837040496
"Week23.1959",6637.54412206018
"Week24.1959",5950.89525815124
"Week25.1959",5285.33402151529
"Week26.1959",4716.79797730486
"Week27.1959",4247.38469492095
"Week28.1959",3833.0697897623
"Week29.1959",3478.05383281782
"Week30.1959",3171.19980339344
"Week31.1959",2938.12303642301
"Week32.1959",3194.00699942367
"Week33.1959",7416.67696446589
"Week34.1959",28287.9243336584
"Week35.1959",79277.0135784835
"Week36.1959",142227.579174527
"Week37.1959",181624.199484801
"Week38.1959",193222.513133336
"Week39.1959",194432.431293712
"Week40.1959",192942.200100088
"Week41.1959",190639.476944903
"Week42.1959",187171.759131285
"Week43.1959",183305.637644057
"Week44.1959",179152.480285783
"Week45.1959",174134.351775595
"Week46.1959",167641.534468048
"Week47.1959",160374.086129419
"Week48.1959",151907.459413505
"Week49.1959",143005.758199307
"Week50.1959",132640.680344019
"Week51.1959",123547.142416265
"Week52.1959",114491.096586683
"Week1.1960",106106.462933852
"Week2.1960",97485.5231566153
"Week3.1960",89431.3232280164
"Week4.1960",81829.6850448219
"Week5.1960",75129.5306239384
"Week6.1960",68141.2331039296
"Week7.1960",61621.057323501
"Week8.1960",55580.9050470324
"Week9.1960",51187.8974708128
"Week10.1960",46579.3602384056
"Week11.1960",42006.0423586255
"Week12.1960",38003.8875820656
"Week13.1960",33728.6876349256
"Week14.1960",29926.8041541826
"Week15.1960",26649.1351122018
"Week16.1960",23515.4851489218
"Week17.1960",20931.8248884301
"Week18.1960",18662.4036343521
"Week19.1960",16765.2715357969
"Week20.1960",14873.3970212219
"Week21.1960",13303.9171686347
"Week22.1960",12073.2745092703
"Week23.1960",10728.0902328516
"Week24.1960",9634.33644036485
"Week25.1960",8570.23966884158
"Week26.1960",7659.97948373081
"Week27.1960",6907.76799844857
"Week28.1960",6242.5802476896
"Week29.1960",5672.00713294152
"Week30.1960",5184.96037562182
"Week31.1960",4943.05248343056
"Week32.1960",6654.70408324651
"Week33.1960",18981.7225874225
"Week34.1960",58316.3679439525
"Week35.1960",121093.09120952
"Week36.1960",171647.561917042
"Week37.1960",192095.800121648
"Week38.1960",194828.753482716
"Week39.1960",193700.314442994
"Week40.1960",191375.324950639
"Week41.1960",188492.11307109
"Week42.1960",184554.061168912
"Week43.1960",180302.717544998
"Week44.1960",175838.615055996
"Week45.1960",170585.747927455
"Week46.1960",163945.628022437
"Week47.1960",156598.521812093
"Week48.1960",148126.523307824
"Week49.1960",139271.405250374
"Week50.1960",129026.747590921
"Week51.1960",120052.771256607
"Week52.1960",111145.191611319
"Week1.1961",102914.735545399
"Week2.1961",94475.7011892036
"Week3.1961",86603.8130979293
"Week4.1961",79186.3769887775
"Week5.1961",72654.8820927629
"Week6.1961",65857.0193904735
"Week7.1961",59522.237668247
"Week8.1961",53659.2383940995
"Week9.1961",49392.523473485
"Week10.1961",44923.8882188494
"Week11.1961",40495.7117632219
"Week12.1961",36623.2145096435
"Week13.1961",32491.207798178
"Week14.1961",28818.1343165174
"Week15.1961",25652.7856520049
"Week16.1961",22629.0500321258
"Week17.1961",20136.7311650545
"Week18.1961",17948.2243658802
"Week19.1961",16119.2518926851
"Week20.1961",14296.7076486551
"Week21.1961",12785.0651021617
"Week22.1961",11599.7080372922
"Week23.1961",10304.8851584435
"Week24.1961",9254.57347298659
"Week25.1961",8295.0522803796
"Week26.1961",8350.04523844577
"Week27.1961",14772.5950187211
"Week28.1961",42434.2729237747
"Week29.1961",98865.5717169136
"Week30.1961",155901.41916975
"Week31.1961",183992.019409228
"Week32.1961",188934.567572175
"Week33.1961",185759.62268106
"Week34.1961",181242.985750628
"Week35.1961",176406.210256221
"Week36.1961",171461.953701419
"Week37.1961",166513.165271505
"Week38.1961",160876.794930629
"Week39.1961",155885.964399308
"Week40.1961",150870.491236246
"Week41.1961",145928.500220334
"Week42.1961",140596.205408874
"Week43.1961",135396.980052194
"Week44.1961",130350.975074605
"Week45.1961",124990.027504725
"Week46.1961",118857.866951016
"Week47.1961",112439.205514224
"Week48.1961",105419.9809181
"Week49.1961",98315.3036600993
"Week50.1961",90404.738937466
"Week51.1961",83539.9799027216
"Week52.1961",76851.2269437648
"Week1.1962",70742.5612168854
"Week2.1962",64588.3315031129
"Week3.1962",58906.9870728068
"Week4.1962",53605.9690165415
"Week5.1962",48965.3002426085
"Week6.1962",44199.1799157993
"Week7.1962",39792.1106912616
"Week8.1962",35741.3784796909
"Week9.1962",32786.4331321034
"Week10.1962",29724.5333221499
"Week11.1962",26714.0583818723
"Week12.1962",24090.444729611
"Week13.1962",21314.0425876548
"Week14.1962",18855.713398103
"Week15.1962",16744.1597704275
"Week16.1962",14737.0460635405
"Week17.1962",13085.6484271595
"Week18.1962",11639.3653692611
"Week19.1962",10432.6844038246
"Week20.1962",9235.84745643597
"Week21.1962",8244.73666940625
"Week22.1962",7467.7666363743
"Week23.1962",6623.66059580623
"Week24.1962",5938.3131375463
"Week25.1962",5274.05734661193
"Week26.1962",4707.66510785949
"Week27.1962",4270.62520633589
"Week28.1962",4385.46079323481
"Week29.1962",8751.54190151652
"Week30.1962",30321.8833926602
"Week31.1962",81873.4951638713
"Week32.1962",143662.446899316
"Week33.1962",180130.893741441
"Week34.1962",189786.101166705
"Week35.1962",188918.249345521
"Week36.1962",185809.925291983
"Week37.1962",182197.139191329
"Week38.1962",177529.22325925
"Week39.1962",173318.366300238
"Week40.1962",168864.996364527
"Week41.1962",164307.034898524
"Week42.1962",159147.49584914
"Week43.1962",153998.964384618
"Week44.1962",148907.751282619
"Week45.1962",143357.833546735
"Week46.1962",136828.566837236
"Week47.1962",129875.222533892
"Week48.1962",122141.213610635
"Week49.1962",114232.514901022
"Week50.1962",105318.658374165
"Week51.1962",97560.2883567707
"Week52.1962",89952.7594866936
"Week1.1963",82975.6524638202
"Week2.1963",75902.9971379132
"Week3.1963",69352.1060659262
"Week4.1963",63221.9263416988
"Week5.1963",57845.3018900109
"Week6.1963",52294.4671898559
"Week7.1963",47145.0298993993
"Week8.1963",42400.5216664976
"Week9.1963",38944.0786538554
"Week10.1963",35349.9075179371
"Week11.1963",31805.2515266581
"Week12.1963",28711.4780814417
"Week13.1963",25427.8790207219
"Week14.1963",22516.3702638767
"Week15.1963",20012.4247044875
"Week16.1963",17628.042950271
"Week17.1963",15665.2694005662
"Week18.1963",13945.1031795296
"Week19.1963",12509.0798192535
"Week20.1963",11081.6814887079
"Week21.1963",9898.52056487093
"Week22.1963",8970.99337876071
"Week23.1963",7961.67739782279
"Week24.1963",7141.87356678604
"Week25.1963",6346.34067750377
"Week26.1963",5666.5581501936
"Week27.1963",5105.05682267054
"Week28.1963",4609.10162755779
"Week29.1963",4187.62974366803
"Week30.1963",3911.93640969926
"Week31.1963",4849.09540777503
"Week32.1963",13429.3606336358
"Week33.1963",45490.5055247269
"Week34.1963",105337.083823734
"Week35.1963",161618.116946601
"Week36.1963",188124.847720937
"Week37.1963",193764.65181876
"Week38.1963",192165.638187995
"Week39.1963",189865.981059454
"Week40.1963",186895.804058387
"Week41.1963",183507.543910049
"Week42.1963",179179.967797352
"Week43.1963",174627.600733699
"Week44.1963",169935.927980116
"Week45.1963",164542.904191018
"Week46.1963",157866.730179233
"Week47.1963",150558.591364382
"Week48.1963",142213.93252245
"Week49.1963",133539.076890287
"Week50.1963",123568.141891444
"Week51.1963",114849.064133181
"Week52.1963",106222.8434454
"Week1.1964",98267.534086583
"Week2.1964",90132.7381661722
"Week3.1964",82557.4319343715
"Week4.1964",75431.2841917029
"Week5.1964",69162.8910474036
"Week6.1964",62653.2088196021
"Week7.1964",56593.885475586
"Week8.1964",50990.5175951542
"Week9.1964",46910.355762297
"Week10.1964",42645.1644254637
"Week11.1964",38424.7587854774
"Week12.1964",34736.0946963797
"Week13.1964",30804.5392428979
"Week14.1964",27311.3179866948
"Week15.1964",24302.7147173496
"Week16.1964",21431.0409358417
"Week17.1964",19064.4953156714
"Week18.1964",16987.278971448
"Week19.1964",15251.9819809961
"Week20.1964",13524.0035349792
"Week21.1964",12090.9983632916
"Week22.1964",10967.1442768748
"Week23.1964",9740.38163345266
"Week24.1964",8743.68926191097
"Week25.1964",7786.7842307012
"Week26.1964",7197.08519976623
"Week27.1964",9104.12795998014
"Week28.1964",23185.0915645367
"Week29.1964",65303.5778275907
"Week30.1964",127413.956246627
"Week31.1964",173024.045688005
"Week32.1964",188562.144455594
"Week33.1964",188399.070786316
"Week34.1964",184656.575507172
"Week35.1964",180222.740900258
"Week36.1964",175578.791403634
"Week37.1964",170861.461270886
"Week38.1964",165377.386138225
"Week39.1964",160505.856852975
"Week40.1964",155564.797945069
"Week41.1964",150662.136332743
"Week42.1964",145325.078156884
"Week43.1964",140097.581123477
"Week44.1964",135006.953179495
"Week45.1964",129570.230324946
"Week46.1964",123313.376886673
"Week47.1964",116740.150132209
"Week48.1964",109526.833790457
"Week49.1964",102210.412093369
"Week50.1964",94041.9520185089
"Week51.1964",86948.6085189378
"Week52.1964",80027.3173110396
"Week1.1965",73700.1497350311
"Week2.1965",67317.7079014674
"Week3.1965",61422.1265559252
"Week4.1965",55917.5438838524
"Week5.1965",51095.6794765879
"Week6.1965",46137.3649065454
"Week7.1965",41549.7782365807
"Week8.1965",37331.3660039959
"Week9.1965",34254.9419011086
"Week10.1965",31063.9230429356
"Week11.1965",27924.2838111151
"Week12.1965",25187.6958775017
"Week13.1965",22290.0534542041
"Week14.1965",19723.5799321183
"Week15.1965",17518.600246183
"Week16.1965",15421.7873542833
"Week17.1965",13696.3627546394
"Week18.1965",12184.9242978757
"Week19.1965",10923.529408498
"Week20.1965",9671.76640577634
"Week21.1965",8635.07050419068
"Week22.1965",7822.44790183269
"Week23.1965",6939.19208522229
"Week24.1965",6221.96258364766
"Week25.1965",5526.67382416397
"Week26.1965",4932.67965157465
"Week27.1965",4442.17968679114
"Week28.1965",4010.5127050839
"Week29.1965",3678.41926237078
"Week30.1965",3984.19093859956
"Week31.1965",9076.97681531113
"Week32.1965",32622.8071918865
"Week33.1965",86144.5381264123
"Week34.1965",147467.20998586
"Week35.1965",182641.087611553
"Week36.1965",192104.49564781
"Week37.1965",191991.790910463
"Week38.1965",188957.249937169
"Week39.1965",185992.126613179
"Week40.1965",182522.329857025
"Week41.1965",178730.293807633
"Week42.1965",174100.197211666
"Week43.1965",169318.185606409
"Week44.1965",164459.269460679
"Week45.1965",158973.366622729
"Week46.1965",152292.803021009
"Week47.1965",145044.81878953
"Week48.1965",136834.182964681
"Week49.1965",128338.33074397
"Week50.1965",118630.227474236
"Week51.1965",110153.926739862
"Week52.1965",101790.835247763
"Week1.1966",94090.0290337627
"Week2.1966",86235.0294974761
"Week3.1966",78931.391459818
"Week4.1966",72071.0425883902
"Week5.1966",66042.4412971946
"Week6.1966",59793.2972063539
"Week7.1966",53981.7437684388
"Week8.1966",48611.8720409029
"Week9.1966",44700.7784529116
"Week10.1966",40619.2694297456
"Week11.1966",36584.9688473428
"Week12.1966",33060.0180203111
"Week13.1966",29306.6523834949
"Week14.1966",25973.8129411803
"Week15.1966",23105.0588345068
"Week16.1966",20368.6004298605
"Week17.1966",18113.9691754658
"Week18.1966",16135.9373864484
"Week19.1966",14484.008183588
"Week20.1966",12839.9513499849
"Week21.1966",11476.6304856346
"Week22.1966",10407.3148062176
"Week23.1966",9241.10480794383
"Week24.1966",8293.64194815531
"Week25.1966",7373.4950438079
"Week26.1966",6586.79173745849
"Week27.1966",5936.76653231415
"Week28.1966",5363.83330426403
"Week29.1966",4914.70187270534
"Week30.1966",5173.09870844911
"Week31.1966",10539.5757137745
"Week32.1966",35011.7313767275
"Week33.1966",89368.5906653548
"Week34.1966",150128.166798112
"Week35.1966",184070.224548462
"Week36.1966",192857.266821326
"Week37.1966",192531.433080581
"Week38.1966",189403.682078752
"Week39.1966",186369.964625848
"Week40.1966",182840.87237008
"Week41.1966",178997.185042969
"Week42.1966",174321.438802267
"Week43.1966",169499.797456454
"Week44.1966",164606.634813211
"Week45.1966",159090.64616403
"Week46.1966",152383.390553182
"Week47.1966",145112.311995833
"Week48.1966",136881.547564663
"Week49.1966",128368.697139387
"Week50.1966",118646.455518135
"Week51.1966",110158.953832983
"Week52.1966",101786.916998554
"Week1.1967",94079.044544859
"Week2.1967",86218.7135821786
"Week3.1967",78911.1404369846
"Week4.1967",72048.0513562192
"Week5.1967",66017.5651095331
"Week6.1967",59767.5320343429
"Week7.1967",53955.5975784392
"Week8.1967",48585.6493889108
"Week9.1967",44674.2165685071
"Week10.1967",40593.154562865
"Week11.1967",36559.9820577202
"Week12.1967",33036.3979403843
"Week13.1967",29285.0384436127
"Week14.1967",25954.1333162637
"Week15.1967",23086.9913367492
"Week16.1967",20352.0983617814
"Week17.1967",18098.7848887303
"Week18.1967",16121.9906214042
"Week19.1967",14471.1331261717
"Week20.1967",12828.2318220223
"Week21.1967",11465.885269267
"Week22.1967",10397.3352563572
"Week23.1967",9232.05588278226
"Week24.1967",8285.36916366283
"Week25.1967",7366.00911185203
"Week26.1967",6580.02686692896
"Week27.1967",5932.4970972768
"Week28.1967",5412.46789784399
"Week29.1967",5732.95978754718
"Week30.1967",11789.247618673
"Week31.1967",38188.3728719946
"Week32.1967",94168.5972101512
"Week33.1967",153466.539912475
"Week34.1967",184689.126423934
"Week35.1967",191785.444778442
"Week36.1967",190603.054932793
"Week37.1967",187741.033865551
"Week38.1967",183576.380962469
"Week39.1967",179776.94066838
"Week40.1967",175636.274901639
"Week41.1967",171309.968818608
"Week42.1967",166288.687763034
"Week43.1967",161217.857658569
"Week44.1967",156157.381916121
"Week45.1967",150571.563573418
"Week46.1967",143918.967471765
"Week47.1967",136786.38021313
"Week48.1967",128796.350220083
"Week49.1967",120588.663381169
"Week50.1967",111290.193904132
"Week51.1967",103188.384689572
"Week52.1967",95225.0282121505
"Week1.1968",87909.921407313
"Week2.1968",80476.77634589
"Week3.1968",73581.2545908853
"Week4.1968",67119.5411820989
"Week5.1968",61448.7652661095
"Week6.1968",55585.244665081
"Week7.1968",50139.5821527302
"Week8.1968",45115.8534442553
"Week9.1968",41456.5419379524
"Week10.1968",37646.7520310306
"Week11.1968",33886.2239372963
"Week12.1968",30602.1073141156
"Week13.1968",27111.9922204664
"Week14.1968",24016.1922111367
"Week15.1968",21352.9478550726
"Week16.1968",18814.8044175334
"Week17.1968",16724.6402748116
"Week18.1968",14892.1918210555
"Week19.1968",13362.3037210304
"Week20.1968",11840.8547886666
"Week21.1968",10579.3637753244
"Week22.1968",9590.108460863
"Week23.1968",8512.91100857354
"Week24.1968",7642.42290736325
"Week25.1968",6901.04166574208
"Week26.1968",7579.24723345957
"Week27.1968",16577.4671271061
"Week28.1968",49753.5382130739
"Week29.1968",109328.133780422
"Week30.1968",162334.143331901
"Week31.1968",184983.40441694
"Week32.1968",187620.62584863
"Week33.1968",183936.554538492
"Week34.1968",179293.66423763
"Week35.1968",174391.402264246
"Week36.1968",169404.245803889
"Week37.1968",164429.559033479
"Week38.1968",158790.768547455
"Week39.1968",153801.552921681
"Week40.1968",148799.085011715
"Week41.1968",143878.03658355
"Week42.1968",138579.940707988
"Week43.1968",133419.604077501
"Week44.1968",128415.244159712
"Week45.1968",123105.721273989
"Week46.1968",117041.80993989
"Week47.1968",110700.420982501
"Week48.1968",103771.556483387
"Week49.1968",96762.0460717649
"Week50.1968",88962.9592793254
"Week51.1968",82196.1228239705
"Week52.1968",75605.2650778091
"Week1.1969",69587.4688189836
"Week2.1969",63526.6029064304
"Week3.1969",57932.1934809098
"Week4.1969",52713.2854095093
"Week5.1969",48145.387042952
"Week6.1969",43455.4878246385
"Week7.1969",39119.4812214607
"Week8.1969",35134.402566769
"Week9.1969",32227.1413369875
"Week10.1969",29215.4390567266
"Week11.1969",26254.6876202165
"Week12.1969",23674.3593775259
"Week13.1969",20944.4262398073
"Week14.1969",18527.847234249
"Week15.1969",16452.4783995769
"Week16.1969",14479.7923940542
"Week17.1969",12856.6063157221
"Week18.1969",11435.0727936792
"Week19.1969",10249.1454869972
"Week20.1969",9073.04104845423
"Week21.1969",8099.10281985163
"Week22.1969",7335.57596600325
"Week23.1969",6506.19142846476
"Week24.1969",5832.80794456924
"Week25.1969",5180.15811941672
"Week26.1969",4623.12950296005
"Week27.1969",4177.99573364516
"Week28.1969",4063.83246564235
"Week29.1969",6739.9062612906
"Week30.1969",22762.6654912664
"Week31.1969",67670.6307601635
"Week32.1969",130737.218557577
"Week33.1969",174683.346632111
"Week34.1969",189185.368862604
"Week35.1969",189738.350530468
"Week36.1969",186997.303344296
"Week37.1969",183578.863402656
"Week38.1969",179053.803028847
"Week39.1969",174960.609383906
"Week40.1969",170597.387821904
"Week41.1969",166107.368017568
"Week42.1969",160990.098259621
"Week43.1969",155867.306148603
"Week44.1969",150788.855088309
"Week45.1969",145233.642295179
"Week46.1969",138676.064864123
"Week47.1969",131678.988645096
"Week48.1969",123880.419908528
"Week49.1969",115895.494470863
"Week50.1969",106882.746884772
"Week51.1969",99035.9645092153
"Week52.1969",91336.3126247373
"Week1.1970",84271.5110001813
"Week2.1970",77104.9598203507
"Week3.1970",70464.1332373763
"Week4.1970",64247.4236691139
"Week5.1970",58794.0630432263
"Week6.1970",53161.3912741176
"Week7.1970",47934.160928032
"Week8.1970",43116.2603952476
"Week9.1970",39606.5629964933
"Week10.1970",35955.6598952776
"Week11.1970",32353.9691577324
"Week12.1970",29209.878013514
"Week13.1970",25872.038974141
"Week14.1970",22912.3436950406
"Week15.1970",20366.6434365351
"Week16.1970",17941.7603103259
"Week17.1970",15945.3843945713
"Week18.1970",14195.5954004861
"Week19.1970",12734.813483348
"Week20.1970",11282.5754783582
"Week21.1970",10078.6932315522
"Week22.1970",9134.83791830282
"Week23.1970",8107.56048608945
"Week24.1970",7273.28348990715
"Week25.1970",6467.92271050645
"Week26.1970",5882.4360015296
"Week27.1970",6700.70774147053
"Week28.1970",15722.5923622439
"Week29.1970",48904.9082955594
"Week30.1970",108696.250903132
"Week31.1970",162598.328063076
"Week32.1970",186076.912782509
"Week33.1970",188826.285751272
"Week34.1970",185800.028171193
"Week35.1970",181665.056603506
"Week36.1970",177237.023798859
"Week37.1970",172691.739039622
"Week38.1970",167334.097929534
"Week39.1970",162564.555180302
"Week40.1970",157698.152535142
"Week41.1970",152847.271506525
"Week42.1970",147536.353068757
"Week43.1970",142319.414228367
"Week44.1970",137227.508426786
"Week45.1970",131772.140172928
"Week46.1970",125470.492248214
"Week47.1970",118835.140197737
"Week48.1970",111537.729416441
"Week49.1970",104126.501568755
"Week50.1970",95838.8588037618
"Week51.1970",88639.0177113487
"Week52.1970",81607.944392734
"Week1.1971",75176.6818592809
"Week2.1971",68684.0074711462
"Week3.1971",62684.1818600347
"Week4.1971",57080.2053276095
"Week5.1971",52169.8052894957
"Week6.1971",47116.6320355076
"Week7.1971",42439.168674846
"Week8.1971",38136.7651970622
"Week9.1971",34999.8330674584
"Week10.1971",31744.8189693958
"Week11.1971",28540.9592458419
"Week12.1971",25747.8145370862
"Week13.1971",22788.9430029056
"Week14.1971",20167.591341642
"Week15.1971",17915.0390146878
"Week16.1971",15772.5167596578
"Week17.1971",14009.4004144777
"Week18.1971",12464.8156509208
"Week19.1971",11175.6102576531
"Week20.1971",9895.83488772838
"Week21.1971",8835.83152744762
"Week22.1971",8004.98061447078
"Week23.1971",7101.6978106957
"Week24.1971",6368.13756805003
"Week25.1971",5656.92668287748
"Week26.1971",5049.31022589002
"Week27.1971",4547.48901041491
"Week28.1971",4105.12065531373
"Week29.1971",3746.9460179946
"Week30.1971",3806.43366170479
"Week31.1971",7282.37227137808
"Week32.1971",25919.7469971999
"Week33.1971",74213.3306561666
"Week34.1971",137257.200919859
"Week35.1971",178586.173293233
"Week36.1971",191706.990717808
"Week37.1971",192621.279256862
"Week38.1971",189865.234711573
"Week39.1971",187061.099478802
"Week40.1971",183717.566291034
"Week41.1971",180027.301012992
"Week42.1971",175472.509767897
"Week43.1971",170747.192738925
"Week44.1971",165928.730223355
"Week45.1971",160464.201249811
"Week46.1971",153781.877259263
"Week47.1971",146515.446678223
"Week48.1971",138267.331546044
"Week49.1971",129722.140349252
"Week50.1971",119942.614513356
"Week51.1971",111400.583678597
"Week52.1971",102966.743607488
"Week1.1972",95197.6963230775
"Week2.1972",87267.8270665461
"Week3.1972",79891.6548185742
"Week4.1972",72960.4068159971
"Week5.1972",66867.9187042483
"Week6.1972",60549.5943141719
"Week7.1972",54672.4024976419
"Week8.1972",49240.6718027102
"Week9.1972",45284.5976885612
"Week10.1972",41154.0866891875
"Week11.1972",37070.1812399652
"Week12.1972",33501.8676777056
"Week13.1972",29701.6248542831
"Week14.1972",26326.6082054385
"Week15.1972",23421.0079489472
"Week16.1972",20648.8697940529
"Week17.1972",18364.6658727075
"Week18.1972",16360.4203945263
"Week19.1972",14686.477166174
"Week20.1972",13020.2792040218
"Week21.1972",11638.5807436482
"Week22.1972",10554.8684912333
"Week23.1972",9372.6624173935
"Week24.1972",8412.11874816454
"Week25.1972",7479.17963095399
"Week26.1972",6681.53106561866
"Week27.1972",6022.40444479408
"Week28.1972",5439.95939909212
"Week29.1972",4943.29302527472
"Week30.1972",4585.15961701997
"Week31.1972",5276.70328715834
"Week32.1972",12819.1700647308
"Week33.1972",42638.4839802853
"Week34.1972",101157.830332615
"Week35.1972",158979.737074908
"Week36.1972",187629.19072446
"Week37.1972",194183.001557319
"Week38.1972",192791.468614295
"Week39.1972",190551.343113368
"Week40.1972",187616.906023153
"Week41.1972",184255.363872944
"Week42.1972",179944.533172898
"Week43.1972",175402.4087895
"Week44.1972",170715.672482961
"Week45.1972",165319.931076131
"Week46.1972",158631.212167171
"Week47.1972",151304.038254894
"Week48.1972",142932.128708827
"Week49.1972",134225.775367552
"Week50.1972",124214.002623025
"Week51.1972",115458.117946696
"Week52.1972",106793.514925972
"Week1.1973",98801.8107664474
"Week2.1973",90628.2621874015
"Week3.1973",83015.954503789
"Week4.1973",75854.1541115059
"Week5.1973",69553.8782599733
"Week6.1973",63010.1289541779
"Week7.1973",56918.7726324412
"Week8.1973",51285.5240471544
"Week9.1973",47183.5904177701
"Week10.1973",42894.8503311115
"Week11.1973",38650.7869385622
"Week12.1973",34941.4088019654
"Week13.1973",30987.5235623867
"Week14.1973",27474.3321170871
"Week15.1973",24448.3860944229
"Week16.1973",21560.0068194142
"Week17.1973",19179.668669397
"Week18.1973",17090.2739027855
"Week19.1973",15344.7514109508
"Week20.1973",13606.510366603
"Week21.1973",12164.9863043384
"Week22.1973",11034.4690670647
"Week23.1973",9800.35542729127
"Week24.1973",8797.48557695807
"Week25.1973",7829.05589720888
"Week26.1973",7135.42901097912
"Week27.1973",8162.72144890855
"Week28.1973",18604.8032906643
"Week29.1973",54659.1394387137
"Week30.1973",115542.125881628
"Week31.1973",166873.189481402
"Week32.1973",187549.697024138
"Week33.1973",189180.382623275
"Week34.1973",185855.932696864
"Week35.1973",181588.576505621
"Week36.1973",177061.414401409
"Week37.1973",172434.519578751
"Week38.1973",167011.34536515
"Week39.1973",162187.743765353
"Week40.1973",157277.896758316
"Week41.1973",152392.732455396
"Week42.1973",147056.579341258
"Week43.1973",141820.892840658
"Week44.1973",136715.432327164
"Week45.1973",131252.519613279
"Week46.1973",124951.421014153
"Week47.1973",118322.634503735
"Week48.1973",111038.797149296
"Week49.1973",103645.15592532
"Week50.1973",95382.4412666759
"Week51.1973",88205.4433037978
"Week52.1973",81198.9951452719
"Week1.1974",74791.7020001689
"Week2.1974",68325.3060410474
"Week3.1974",62350.7721654174
"Week4.1974",56771.2616886669
"Week5.1974",51882.8420827492
"Week6.1974",46853.7832403178
"Week7.1974",42199.5876877311
"Week8.1974",37919.2677999645
"Week9.1974",34798.2277476815
"Week10.1974",31560.0571469748
"Week11.1974",28373.0843068436
"Week12.1974",25594.6293440441
"Week13.1974",22651.7417130168
"Week14.1974",20044.9202089541
"Week15.1974",17805.1771771224
"Week16.1974",15675.0984974879
"Week17.1974",13922.2689907874
"Week18.1974",12386.7514123184
"Week19.1974",11105.1660502397
"Week20.1974",9833.1097570393
"Week21.1974",8779.54316748279
"Week22.1974",7953.72606524624
"Week23.1974",7056.02226336021
"Week24.1974",6328.2126631495
"Week25.1974",5657.57028426263
"Week26.1974",5644.17126079738
"Week27.1974",10268.8919493182
"Week28.1974",32838.9212371648
"Week29.1974",85132.2981727635
"Week30.1974",145438.123311202
"Week31.1974",179764.724616712
"Week32.1974",187896.035642334
"Week33.1974",185609.317363806
"Week34.1974",181401.397904995
"Week35.1974",176771.716620348
"Week36.1974",171994.843143308
"Week37.1974",167183.0848637
"Week38.1974",161654.281861515
"Week39.1974",156751.847074293
"Week40.1974",151805.460082506
"Week41.1974",146917.048616151
"Week42.1974",141621.939596953
"Week43.1974",136448.83172186
"Week44.1974",131420.612607635
"Week45.1974",126065.873631638
"Week46.1974",119924.338468334
"Week47.1974",113485.564073402
"Week48.1974",106433.517050178
"Week49.1974",99288.8505227324
"Week50.1974",91324.0905678041
"Week51.1974",84410.2458232641
"Week52.1974",77669.3725974286
"Week1.1975",71510.5161935175
"Week2.1975",65302.2447648753
"Week3.1975",59569.3912288436
"Week4.1975",54218.57284372
"Week5.1975",49533.00391398
"Week6.1975",44718.2519841029
"Week7.1975",40265.0533838126
"Week8.1975",36171.121910544
"Week9.1975",33185.0112859173
"Week10.1975",30089.49449521
"Week11.1975",27045.0368894994
"Week12.1975",24391.4143454321
"Week13.1975",21582.3156763043
"Week14.1975",19094.8014885006
"Week15.1975",16958.1636420057
"Week16.1975",14926.8504282969
"Week17.1975",13255.3887691995
"Week18.1975",11791.3468026954
"Week19.1975",10569.6949362083
"Week20.1975",9357.75065212791
"Week21.1975",8354.09445223705
"Week22.1975",7567.31328471868
"Week23.1975",6712.35979007591
"Week24.1975",6018.18950624347
"Week25.1975",5346.20090002132
"Week26.1975",4799.66782507929
"Week27.1975",4810.49322840163
"Week28.1975",8821.6092911596
"Week29.1975",29448.2012341312
"Week30.1975",79861.5360153891
"Week31.1975",141629.76015941
"Week32.1975",179147.055350792
"Week33.1975",188811.481046117
"Week34.1975",187577.531219579
"Week35.1975",183991.402676179
"Week36.1975",179905.894440206
"Week37.1975",175628.942025155
"Week38.1975",170468.988030127
"Week39.1975",165858.509095904
"Week40.1975",161108.611770684
"Week41.1975",156338.198415399
"Week42.1975",151066.63633011
"Week43.1975",145864.893155048
"Week44.1975",140768.730746636
"Week45.1975",135281.733802367
"Week46.1975",128907.82582904
"Week47.1975",122172.916375651
"Week48.1975",114740.84411095
"Week49.1975",107177.593508274
"Week50.1975",98699.5333798269
"Week51.1975",91329.6850900985
"Week52.1975",84123.549664008
"Week1.1976",77526.491724586
"Week2.1976",70858.0701591867
"Week3.1976",64691.8361710745
"Week4.1976",58929.3014315508
"Week5.1976",53878.1108027475
"Week6.1976",48674.3624949139
"Week7.1976",43854.3900498221
"Week8.1976",39418.8702830154
"Week9.1976",36185.6877272386
"Week10.1976",32828.3010146119
"Week11.1976",29521.5572548873
"Week12.1976",26637.9402322074
"Week13.1976",23581.5735476042
"Week14.1976",20873.0460799969
"Week15.1976",18544.9147354313
"Week16.1976",16329.7220466088
"Week17.1976",14506.6475275696
"Week18.1976",12909.3564861267
"Week19.1976",11576.0156935222
"Week20.1976",10251.7957491183
"Week21.1976",9154.75028642561
"Week22.1976",8294.89391780858
"Week23.1976",7359.79745490634
"Week24.1976",6600.32647006963
"Week25.1976",5864.54012521048
"Week26.1976",5259.10888352273
"Week27.1976",5161.99620564397
"Week28.1976",8697.51967395965
"Week29.1976",27923.5959846009
"Week30.1976",76790.1993205147
"Week31.1976",138975.875776435
"Week32.1976",178256.294266269
"Week33.1976",188994.260628283
"Week34.1976",188050.08582724
"Week35.1976",184527.033894596
"Week36.1976",180469.227406612
"Week37.1976",176211.333075426
"Week38.1976",171062.168957466
"Week39.1976",166459.606501862
"Week40.1976",161713.234893656
"Week41.1976",156942.784627318
"Week42.1976",151666.215452256
"Week43.1976",146457.210688218
"Week44.1976",141352.033688075
"Week45.1976",135852.735502995
"Week46.1976",129461.115080876
"Week47.1976",122705.171297243
"Week48.1976",115247.419500507
"Week49.1976",107656.54392344
"Week50.1976",99145.592456937
"Week51.1976",91746.7240849341
"Week52.1976",84511.3538957367
"Week1.1977",77886.9952555327
"Week2.1977",71190.128421858
"Week3.1977",64997.1850745355
"Week4.1977",59209.425724104
"Week5.1977",54135.9996338
"Week6.1977",48908.7651752904
"Week7.1977",44066.6249937581
"Week8.1977",39610.470679142
"Week9.1977",36362.4449768323
"Week10.1977",32989.5530475738
"Week11.1977",29667.2800738894
"Week12.1977",26769.970564838
"Week13.1977",23698.9124474869
"Week14.1977",20977.29159996
"Week15.1977",18637.8374413633
"Week16.1977",16411.7921320999
"Week17.1977",14579.7712943697
"Week18.1977",12974.6283686025
"Week19.1977",11634.7263477142
"Week20.1977",10303.9292813853
"Week21.1977",9201.40654001767
"Week22.1977",8337.25699528905
"Week23.1977",7397.469707611
"Week24.1977",6634.16883986129
"Week25.1977",5893.91961137767
"Week26.1977",5261.48368469371
"Week27.1977",4739.11643747092
"Week28.1977",4279.38877559616
"Week29.1977",3928.82083413286
"Week30.1977",4287.08679686027
"Week31.1977",9818.13146880539
"Week32.1977",34604.2146011207
"Week33.1977",89237.9101764419
"Week34.1977",149918.666409265
"Week35.1977",183618.933379254
"Week36.1977",192297.456803788
"Week37.1977",191969.21188899
"Week38.1977",188865.546263418
"Week39.1977",185855.228295979
"Week40.1977",182348.608298794
"Week41.1977",178526.154392821
"Week42.1977",173872.076175308
"Week43.1977",169070.951480589
"Week44.1977",164197.24656391
"Week45.1977",158701.159089328
"Week46.1977",152015.655739295
"Week47.1977",144766.716879642
"Week48.1977",136559.488116327
"Week49.1977",128070.054386094
"Week50.1977",118373.318300343
"Week51.1977",109907.826860772
"Week52.1977",101556.980722695
"Week1.1978",93868.3006519593
"Week2.1978",86027.0787147753
"Week3.1978",78737.026564133
"Week4.1978",71890.1947823492
"Week5.1978",65873.895651349
"Week6.1978",59638.2843354496
"Week7.1978",53839.6393950691
"Week8.1978",48481.9226498318
"Week9.1978",44579.4083702264
"Week10.1978",40507.3264629632
"Week11.1978",36482.9006739391
"Week12.1978",32966.9878864198
"Week13.1978",29223.7447872502
"Week14.1978",25900.0168016625
"Week15.1978",23039.0284194767
"Week16.1978",20309.9626956915
"Week17.1978",18061.4377719093
"Week18.1978",16088.8286122105
"Week19.1978",14441.4578118141
"Week20.1978",12802.0014975419
"Week21.1978",11442.5023672815
"Week22.1978",10376.1826068946
"Week23.1978",9213.31832865201
"Week24.1978",8268.59316853621
"Week25.1978",7351.12810154997
"Week26.1978",6566.72124196741
"Week27.1978",5918.57205053793
"Week28.1978",5345.8215424067
"Week29.1978",4854.72742843921
"Week30.1978",4433.67777369603
"Week31.1978",4192.27494461048
"Week32.1978",5407.05399542213
"Week33.1978",15343.1156326938
"Week34.1978",50258.1808293852
"Week35.1978",111587.402009261
"Week36.1978",165982.634332987
"Week37.1978",190319.808331928
"Week38.1978",194528.196972639
"Week39.1978",193780.301059345
"Week40.1978",191627.577285165
"Week41.1978",188876.357285421
"Week42.1978",185047.09910714
"Week43.1978",180885.152218134
"Week44.1978",176493.828357698
"Week45.1978",171296.780518614
"Week46.1978",164693.457522616
"Week47.1978",157368.386492475
"Week48.1978",148902.138817034
"Week49.1978",140041.362483189
"Week50.1978",129775.039840338
"Week51.1978",120778.770174963
"Week52.1978",111842.339357782
"Week1.1979",103581.435909337
"Week2.1979",95105.8571657024
"Week3.1979",87196.9591656106
"Week4.1979",79741.821250761
"Week5.1979",73175.6541297606
"Week6.1979",66338.3593969407
"Week7.1979",59965.1911925917
"Week8.1979",54065.5025848775
"Week9.1979",49772.5405475934
"Week10.1979",45274.3977494978
"Week11.1979",40815.5577824914
"Week12.1979",36915.7787178719
"Week13.1979",32753.6404673271
"Week14.1979",29053.4329317065
"Week15.1979",25864.3633642371
"Week16.1979",22817.37567299
"Week17.1979",20305.7480856017
"Week18.1979",18100.1198907302
"Week19.1979",16256.7033990479
"Week20.1979",14419.4547036776
"Week21.1979",12895.5491632687
"Week22.1979",11700.596406187
"Week23.1979",10395.0446380436
"Week24.1979",9333.60688210377
"Week25.1979",8301.47049080551
"Week26.1979",7418.78088726487
"Week27.1979",6689.37200295454
"Week28.1979",6044.39280300577
"Week29.1979",5491.0893545177
"Week30.1979",5012.87670098837
"Week31.1979",4658.10305508917
"Week32.1979",5105.05586254279
"Week33.1979",11218.8813772542
"Week34.1979",37620.818690033
"Week35.1979",93789.687848937
"Week36.1979",154072.238356523
"Week37.1979",186806.070707441
"Week38.1979",194723.996839594
"Week39.1979",194895.028332951
"Week40.1979",193055.938860274
"Week41.1979",190518.589130916
"Week42.1979",186856.320582373
"Week43.1979",182826.836144413
"Week44.1979",178538.028443985
"Week45.1979",173410.392415319
"Week46.1979",166836.198394861
"Week47.1979",159510.810978799
"Week48.1979",151010.413818414
"Week49.1979",142093.667954839
"Week50.1979",131736.772136514
"Week51.1979",122655.581178722
"Week52.1979",113623.138012907
"Week1.1980",105266.858619279
"Week2.1980",96684.2464530705
"Week3.1980",88670.6046771682
"Week4.1980",81111.9095415366
"Week5.1980",74452.0399140571
"Week6.1980",67511.3147323324
"Week7.1980",61038.6039610319
"Week8.1980",55044.7296191819
"Week9.1980",50684.5991535801
"Week10.1980",46113.2680767651
"Week11.1980",41578.9895385205
"Week12.1980",37611.7195754981
"Week13.1980",33375.611522615
"Week14.1980",29609.2438377148
"Week15.1980",26362.7801712194
"Week16.1980",23259.9683696816
"Week17.1980",20702.0509404774
"Week18.1980",18455.5089758021
"Week19.1980",16577.6796087668
"Week20.1980",14705.5796709027
"Week21.1980",13152.6409203171
"Week22.1980",11934.9566973702
"Week23.1980",10604.2977617983
"Week24.1980",9524.470713979
"Week25.1980",8529.71648142206
"Week26.1980",8485.78466035047
"Week27.1980",14470.3096554183
"Week28.1980",41093.0110970842
"Week29.1980",96784.107422949
"Week30.1980",154487.480970511
"Week31.1980",183685.707268026
"Week32.1980",189143.360194152
"Week33.1980",186088.648115262
"Week34.1980",181601.265265538
"Week35.1980",176779.538918696
"Week36.1980",171845.533494692
"Week37.1980",166903.477227077
"Week38.1980",161269.086225497
"Week39.1980",156279.218375104
"Week40.1980",151262.38563735
"Week41.1980",146317.356377432
"Week42.1980",140979.352440973
"Week43.1980",135773.387833377
"Week44.1980",130720.019965501
"Week45.1980",125349.772232792
"Week46.1980",119205.024912312
"Week47.1980",112771.961882267
"Week48.1980",105735.733618289
"Week49.1980",98613.0892227816
"Week50.1980",90681.3933543103
"Week51.1980",83798.0443295624
"Week52.1980",77090.654905737
"Week1.1981",70964.6623830045
"Week2.1981",64792.5912289593
"Week3.1981",59094.614777438
"Week4.1981",53777.8778205053
"Week5.1981",49123.2770392603
"Week6.1981",44342.5390741854
"Week7.1981",39921.8182929685
"Week8.1981",35858.4590247204
"Week9.1981",32894.3511536616
"Week10.1981",29822.7947278848
"Week11.1981",26802.7120200386
"Week12.1981",24170.6657565496
"Week13.1981",21385.1914915078
"Week14.1981",18918.803168138
"Week15.1981",16800.4042628829
"Week16.1981",14786.7760135409
"Week17.1981",13129.9791574488
"Week18.1981",11678.923597035
"Week19.1981",10468.2321873801
"Week20.1981",9267.38460986517
"Week21.1981",8272.95134168937
"Week22.1981",7493.41857369748
"Week23.1981",6648.30127551489
"Week24.1981",6011.85127009734
"Week25.1981",6124.73191316994
"Week26.1981",11832.6858122846
"Week27.1981",37504.3381170924
"Week28.1981",92308.9610781034
"Week29.1981",150449.966079643
"Week30.1981",180049.018442504
"Week31.1981",185534.502094686
"Week32.1981",182743.527348574
"Week33.1981",177823.353563499
"Week34.1981",172680.080565947
"Week35.1981",167439.94776354
"Week36.1981",162208.46385628
"Week37.1981",157066.344991397
"Week38.1981",151355.57561346
"Week39.1981",146320.997633294
"Week40.1981",141321.854407201
"Week41.1981",136439.071202546
"Week42.1981",131233.49599504
"Week43.1981",126186.155312466
"Week44.1981",121310.046477361
"Week45.1981",116169.650329582
"Week46.1981",110340.030744571
"Week47.1981",104268.662762496
"Week48.1981",97660.7574325699
"Week49.1981",90993.2773938522
"Week50.1981",83598.9755927365
"Week51.1981",77188.8169878452
"Week52.1981",70956.4579628979
"Week1.1982",65271.8383547444
"Week2.1982",59554.2358086345
"Week3.1982",54280.6346892835
"Week4.1982",49366.4222647869
"Week5.1982",45068.9766009395
"Week6.1982",40662.5087262933
"Week7.1982",36590.8630728149
"Week8.1982",32850.6540192779
"Week9.1982",30121.6037421276
"Week10.1982",27297.8890123299
"Week11.1982",24523.9152192141
"Week12.1982",22107.2608678867
"Week13.1982",19552.8218616421
"Week14.1982",17292.2909139892
"Week15.1982",15351.2735513281
"Week16.1982",13507.0938239165
"Week17.1982",11989.8832533762
"Week18.1982",10661.7612424933
"Week19.1982",9554.22603025348
"Week20.1982",8456.36655382358
"Week21.1982",7547.21653097771
"Week22.1982",6834.48943738483
"Week23.1982",6060.82955043776
"Week24.1982",5434.68841467825
"Week25.1982",4882.05409069828
"Week26.1982",5199.92955530198
"Week27.1982",11392.702074949
"Week28.1982",38028.596022103
"Week29.1982",93762.7763533412
"Week30.1982",151846.467019138
"Week31.1982",181518.099488815
"Week32.1982",187273.513157112
"Week33.1982",184398.228470325
"Week34.1982",180048.709452624
"Week35.1982",175347.299159401
"Week36.1982",170520.284290251
"Week37.1982",165673.592127698
"Week38.1982",160129.667238879
"Week39.1982",155217.253850076
"Week40.1982",150271.02885278
"Week41.1982",145390.253531792
"Week42.1982",140113.871864184
"Week43.1982",134964.180089773
"Week44.1982",129962.288690663
"Week45.1982",124641.898234378
"Week46.1982",118548.178725693
"Week47.1982",112164.781235039
"Week48.1982",105178.74361871
"Week49.1982",98104.2314264398
"Week50.1982",90222.519399535
"Week51.1982",83381.7876227543
"Week52.1982",76714.3650354448
"Week1.1983",70623.9754432903
"Week2.1983",64486.4199657685
"Week3.1983",58819.5547805803
"Week4.1983",53531.1212307005
"Week5.1983",48900.8964166612
"Week6.1983",44144.320187132
"Week7.1983",39745.3543088723
"Week8.1983",35701.4148190976
"Week9.1983",32751.4734489284
"Week10.1983",29694.4095737489
"Week11.1983",26688.448038701
"Week12.1983",24068.679377392
"Week13.1983",21296.0043203582
"Week14.1983",18840.9510496761
"Week15.1983",16732.1511498386
"Week16.1983",14727.3145550749
"Week17.1983",13077.617624498
"Week18.1983",11632.6998214287
"Week19.1983",10427.0935025446
"Week20.1983",9231.20913690662
"Week21.1983",8240.86620320584
"Week22.1983",7464.53484052403
"Week23.1983",6622.68521317184
"Week24.1983",5985.48687792843
"Week25.1983",6058.19655872626
"Week26.1983",11514.4104899585
"Week27.1983",36526.0746537127
"Week28.1983",90804.6677171063
"Week29.1983",149350.856493525
"Week30.1983",179719.036820733
"Week31.1983",185585.822800332
"Week32.1983",182891.271708322
"Week33.1983",177997.372280583
"Week34.1983",172869.027356235
"Week35.1983",167639.845674354
"Week36.1983",162416.402633016
"Week37.1983",157279.914676413
"Week38.1983",151571.882133735
"Week39.1983",146539.123632126
"Week40.1983",141540.329306346
"Week41.1983",136656.796851061
"Week42.1983",131448.839434461
"Week43.1983",126398.498237256
"Week44.1983",121518.85725479
"Week45.1983",116373.671574398
"Week46.1983",110537.319585897
"Week47.1983",104458.16106493
"Week48.1983",97840.9373044941
"Week49.1983",91163.4766500226
"Week50.1983",83757.3223201911
"Week51.1983",77336.7000013157
"Week52.1983",71093.8116790027
"Week1.1984",65399.4133792515
"Week2.1984",59671.7292503227
"Week3.1984",54388.6807084258
"Week4.1984",49465.4644407419
"Week5.1984",45159.9890405513
"Week6.1984",40744.9773195232
"Week7.1984",36665.1632936647
"Week8.1984",32917.3660514947
"Week9.1984",30182.9017169892
"Week10.1984",27353.6803336342
"Week11.1984",24574.3009303762
"Week12.1984",22152.9498567163
"Week13.1984",19593.5770703664
"Week14.1984",17328.8125199455
"Week15.1984",15384.1583114952
"Week16.1984",13536.3114175281
"Week17.1984",12015.9607055252
"Week18.1984",10685.0303628046
"Week19.1984",9575.13524736647
"Week20.1984",8474.92321659325
"Week21.1984",7563.82474474972
"Week22.1984",6849.56724635026
"Week23.1984",6074.18952946219
"Week24.1984",5444.64243943699
"Week25.1984",4834.6492066391
"Week26.1984",4313.79751478364
"Week27.1984",3883.86553202145
"Week28.1984",3505.63500641371
"Week29.1984",3216.93145598722
"Week30.1984",3530.05248047681
"Week31.1984",8450.11970065566
"Week32.1984",31439.6911655656
"Week33.1984",84435.3563132938
"Week34.1984",146052.865042032
"Week35.1984",181946.115861993
"Week36.1984",191810.329521589
"Week37.1984",191818.031698808
"Week38.1984",188829.689574931
"Week39.1984",185896.974113126
"Week40.1984",182454.64620385
"Week41.1984",178686.201244726
"Week42.1984",174076.356786189
"Week43.1984",169311.522374104
"Week44.1984",164467.051375989
"Week45.1984",158993.267741836
"Week46.1984",152322.603546886
"Week47.1984",145082.45723682
"Week48.1984",136877.724347597
"Week49.1984",128386.09186137
"Week50.1984",118680.203475192
"Week51.1984",110205.258074248
"Week52.1984",101842.469602399
"Week1.1985",94141.3978211425
"Week2.1985",86285.210403342
"Week3.1985",78979.9427888883
"Week4.1985",72117.5682899991
"Week5.1985",66086.9253890349
"Week6.1985",59835.1139421014
"Week7.1985",54020.6835864538
"Week8.1985",48647.7268426215
"Week9.1985",44734.3332557543
"Week10.1985",40650.380029305
"Week11.1985",36613.6909489703
"Week12.1985",33086.7891144407
"Week13.1985",29331.2795654018
"Week14.1985",25996.3945396879
"Week15.1985",23125.6437315799
"Week16.1985",20387.0778695458
"Week17.1985",18130.6553905216
"Week18.1985",16151.0065264707
"Week19.1985",14497.7064082107
"Week20.1985",12852.2420174905
"Week21.1985",11487.7474508259
"Week22.1985",10417.5133622902
"Week23.1985",9250.35513945131
"Week24.1985",8306.39774454703
"Week25.1985",7490.79454880999
"Week26.1985",8080.89338238161
"Week27.1985",16898.4324294124
"Week28.1985",49765.6970984046
"Week29.1985",109182.565263716
"Week30.1985",162373.089468364
"Week31.1985",185247.427630482
"Week32.1985",187960.859905706
"Week33.1985",184277.172286141
"Week34.1985",179621.467571884
"Week35.1985",174705.734215723
"Week36.1985",169705.724803315
"Week37.1985",164718.919143937
"Week38.1985",159067.475890971
"Week39.1985",154067.202029826
"Week40.1985",149053.977534799
"Week41.1985",144122.659322918
"Week42.1985",138813.938484352
"Week43.1985",133643.475965948
"Week44.1985",128629.526853074
"Week45.1985",123310.084247257
"Week46.1985",117235.146479537
"Week47.1985",110882.466902294
"Week48.1985",103941.527837764
"Week49.1985",96919.9312016351
"Week50.1985",89107.5872156476
"Week51.1985",82329.3024831805
"Week52.1985",75727.376343301
"Week1.1986",69699.5153327802
"Week2.1986",63628.6035756562
"Week3.1986",58024.9962485976
"Week4.1986",52797.5421799336
"Week5.1986",48222.1147937462
"Week6.1986",43524.3884330631
"Week7.1986",39180.9871851365
"Week8.1986",35189.1339564744
"Week9.1986",32277.0385403449
"Week10.1986",29260.5723842945
"Week11.1986",26295.3420382303
"Week12.1986",23711.3239064553
"Week13.1986",20977.4587203048
"Week14.1986",18557.2268865738
"Week15.1986",16478.587539411
"Week16.1986",14502.7501970178
"Week17.1986",12876.9679940743
"Week18.1986",11453.1643203148
"Week19.1986",10265.3421319041
"Week20.1986",9087.36179972681
"Week21.1986",8111.87228727627
"Week22.1986",7347.13031921703
"Week23.1986",6516.42966284107
"Week24.1986",5841.97938207051
"Week25.1986",5188.34843872953
"Week26.1986",4632.67795155566
"Week27.1986",4241.79079535379
"Week28.1986",4835.03461544063
"Week29.1986",12020.0747061192
"Week30.1986",41006.0328060583
"Week31.1986",98755.7979998441
"Week32.1986",156437.995997537
"Week33.1986",184401.695312687
"Week34.1986",189717.252263596
"Week35.1986",187721.295537234
"Week36.1986",184285.476689954
"Week37.1986",180473.812756071
"Week38.1986",175658.575690126
"Week39.1986",171327.075265415
"Week40.1986",166782.96575921
"Week41.1986",162158.23510702
"Week42.1986",156960.542406357
"Week43.1986",151791.258804432
"Week44.1986",146693.230275074
"Week45.1986",141156.281303338
"Week46.1986",134665.745871153
"Week47.1986",127768.579553192
"Week48.1986",120114.226537413
"Week49.1986",112297.856735266
"Week50.1986",103501.776875766
"Week51.1986",95848.4393606645
"Week52.1986",88349.8143456866
"Week1.1987",81476.010171282
"Week2.1987",74513.5265902786
"Week3.1987",68067.8091693898
"Week4.1987",62038.4548009567
"Week5.1987",56751.0997810687
"Week6.1987",51295.3894324733
"Week7.1987",46236.3314679376
"Week8.1987",41576.8713115901
"Week9.1987",38182.0263814029
"Week10.1987",34653.1587402548
"Week11.1987",31173.8685480715
"Week12.1987",28137.7000121706
"Week13.1987",24916.6742369687
"Week14.1987",22061.3125429867
"Week15.1987",19606.060406209
"Week16.1987",17268.5031319325
"Week17.1987",15344.3775784782
"Week18.1987",13658.2162570432
"Week19.1987",12250.6003787869
"Week20.1987",10851.7137528139
"Week21.1987",9692.34937996456
"Week22.1987",8783.55526289739
"Week23.1987",7794.81026086048
"Week24.1987",6991.7049533919
"Week25.1987",6212.50714521797
"Week26.1987",5546.75093373645
"Week27.1987",4997.68400349047
"Week28.1987",4539.31130675781
"Week29.1987",4596.15170534356
"Week30.1987",8585.26823436854
"Week31.1987",29057.6216548903
"Week32.1987",79507.5351648776
"Week33.1987",141715.388879611
"Week34.1987",180100.46317453
"Week35.1987",191102.205505934
"Week36.1987",190992.071691667
"Week37.1987",188456.806549046
"Week38.1987",184493.117449464
"Week39.1987",180857.166622004
"Week40.1987",176849.236503371
"Week41.1987",172628.936884637
"Week42.1987",167686.613159175
"Week43.1987",162674.523894399
"Week44.1987",157656.298108355
"Week45.1987",152093.51632075
"Week46.1987",145440.025392933
"Week47.1987",138290.369743292
"Week48.1987",130263.080925886
"Week49.1987",122004.979389221
"Week50.1987",112633.461691662
"Week51.1987",104464.837352841
"Week52.1987",96429.7427145169
"Week1.1988",89044.9884029207
"Week2.1988",81535.3059507398
"Week3.1988",74565.4372999239
"Week4.1988",68030.9681503369
"Week5.1988",62294.9831617175
"Week6.1988",56361.0424798274
"Week7.1988",50848.1313886904
"Week8.1988",45760.3136702944
"Week9.1988",42054.3765192886
"Week10.1988",38194.6571048372
"Week11.1988",34384.0868035881
"Week12.1988",31056.0737857235
"Week13.1988",27517.7914280401
"Week14.1988",24378.4957505688
"Week15.1988",21677.4227055056
"Week16.1988",19102.6328302566
"Week17.1988",16982.0361279374
"Week18.1988",15122.6680077561
"Week19.1988",13570.2305038324
"Week20.1988",12026.1241883986
"Week21.1988",10745.7870995667
"Week22.1988",9741.67455031636
"Week23.1988",8647.88307046592
"Week24.1988",7759.48336621343
"Week25.1988",6896.9862979294
"Week26.1988",6159.69759514406
"Week27.1988",5551.05781101753
"Week28.1988",5027.67006535092
"Week29.1988",4852.55278177745
"Week30.1988",7432.63314951069
"Week31.1988",23274.8689835419
"Week32.1988",67991.9589997247
"Week33.1988",131029.021077949
"Week34.1988",175624.358549563
"Week35.1988",190764.720344591
"Week36.1988",191874.248884108
"Week37.1988",189642.475396217
"Week38.1988",185826.946039748
"Week39.1988",182306.66009659
"Week40.1988",178389.364242814
"Week41.1988",174238.113199737
"Week42.1988",169341.253740953
"Week43.1988",164358.666112841
"Week44.1988",159356.715167937
"Week45.1988",153793.357362033
"Week46.1988",147116.833933957
"Week47.1988",139929.852002155
"Week48.1988",131846.720205459
"Week49.1988",123521.653872872
"Week50.1988",114061.636217746
"Week51.1988",105813.322253572
"Week52.1988",97695.1908238265
"Week1.1989",90231.2684352568
"Week2.1989",82636.6039787803
"Week3.1989",75585.2997436984
"Week4.1989",68971.9940668303
"Week5.1989",63165.6887537931
"Week6.1989",57156.8435035969
"Week7.1989",51573.3475629317
"Week8.1989",46419.0961931703
"Week9.1989",42664.6412397353
"Week10.1989",38752.5973973194
"Week11.1989",34889.4903302447
"Week12.1989",31515.4751648646
"Week13.1989",27927.3219743163
"Week14.1989",24743.3232609509
"Week15.1989",22003.5898275945
"Week16.1989",19391.5507640606
"Week17.1989",17240.0784946322
"Week18.1989",15353.438817068
"Week19.1989",13778.1707786375
"Week20.1989",12211.1827643925
"Week21.1989",10911.8442201188
"Week22.1989",9892.77782778753
"Week23.1989",8782.43689516753
"Week24.1989",7880.57051365802
"Week25.1989",7004.94923444837
"Week26.1989",6256.395730815
"Week27.1989",5638.00129445435
"Week28.1989",5091.62521297041
"Week29.1989",4623.09767027724
"Week30.1989",4219.53748017124
"Week31.1989",3948.81921464795
"Week32.1989",4695.68910862757
"Week33.1989",12226.9591216661
"Week34.1989",42000.0236170082
"Week35.1989",100595.411038503
"Week36.1989",158832.000913784
"Week37.1989",188104.863269784
"Week38.1989",194400.387780498
"Week39.1989",194175.745809628
"Week40.1989",192220.790921494
"Week41.1989",189611.371922494
"Week42.1989",185895.965009226
"Week43.1989",181826.121155173
"Week44.1989",177508.068985182
"Week45.1989",172364.350886985
"Week46.1989",165790.937437337
"Week47.1989",158478.131921825
"Week48.1989",150004.300277039
"Week49.1989",141122.623745246
"Week50.1989",130815.509784418
"Week51.1989",121779.890585691
"Week52.1989",112796.907032868
"Week1.1990",104488.7454008
"Week2.1990",95958.7912722214
"Week3.1990",87995.9884247053
"Week4.1990",80486.9316959647
"Week5.1990",73871.6792111065
"Week6.1990",66979.5331453287
"Week7.1990",60553.2553975864
"Week8.1990",54603.114822722
"Week9.1990",50274.3468264357
"Week10.1990",45736.7912426344
"Week11.1990",41236.8755376621
"Week12.1990",37300.2092084001
"Week13.1990",33097.6379093036
"Week14.1990",29361.2669941133
"Week15.1990",26140.7429656726
"Week16.1990",23063.0530309204
"Week17.1990",20525.9475058216
"Week18.1990",18297.771207201
"Week19.1990",16435.3665025244
"Week20.1990",14578.8426193613
"Week21.1990",13038.8710543753
"Week22.1990",11831.3417754903
"Week23.1990",10511.8413867667
"Week24.1990",9439.0219768897
"Week25.1990",8395.63891575746
"Week26.1990",7503.26924088962
"Week27.1990",6766.35952538338
"Week28.1990",6131.49449237161
"Week29.1990",5896.9512706474
"Week30.1990",8691.1652900524
"Week31.1990",25532.2304616421
"Week32.1990",71641.9978658029
"Week33.1990",134559.76879739
"Week34.1990",177585.536085469
"Week35.1990",191585.170060112
"Week36.1990",192313.569216405
"Week37.1990",189958.352464257
"Week38.1990",186064.526850701
"Week39.1990",182480.32495446
"Week40.1990",178508.149690392
"Week41.1990",174310.034064099
"Week42.1990",169373.047131762
"Week43.1990",164356.592277756
"Week44.1990",159326.179544706
"Week45.1990",153739.04006741
"Week46.1990",147043.367853227
"Week47.1990",139841.205883851
"Week48.1990",131746.937624968
"Week49.1990",123414.313710482
"Week50.1990",113950.825891783
"Week51.1990",105700.525082534
"Week52.1990",97582.4475665742
"Week1.1991",90119.7767748881
"Week2.1991",82528.2478285881
"Week3.1991",75480.9028713015
"Week4.1991",68872.3083517095
"Week5.1991",63070.6111921914
"Week6.1991",57067.5123193564
"Week7.1991",51489.8851568033
"Week8.1991",46341.6594291814
"Week9.1991",42591.6981922032
"Week10.1991",38684.9732164028
"Week11.1991",34827.2430262552
"Week12.1991",31457.7545629572
"Week13.1991",27874.8975622218
"Week14.1991",24695.9369316412
"Week15.1991",21960.708331829
"Week16.1991",19353.1486206784
"Week17.1991",17205.4374951798
"Week18.1991",15322.1726738244
"Week19.1991",13749.7525452783
"Week20.1991",12185.6812700147
"Week21.1991",10888.7791303095
"Week22.1991",9871.69802482144
"Week23.1991",8766.38770043813
"Week24.1991",7939.96333461364
"Week25.1991",8105.15100859058
"Week26.1991",15090.2323501893
"Week27.1991",44156.6652525321
"Week28.1991",101297.267025529
"Week29.1991",156912.506261523
"Week30.1991",182504.088813026
"Week31.1991",186089.560804139
"Week32.1991",182781.859374944
"Week33.1991",177671.156241672
"Week34.1991",172396.973397976
"Week35.1991",167051.699437308
"Week36.1991",161735.222101699
"Week37.1991",156525.024489767
"Week38.1991",150762.592953464
"Week39.1991",145686.367470603
"Week40.1991",140655.70164138
"Week41.1991",135749.570931578
"Week42.1991",130529.828691671
"Week43.1991",125473.594295065
"Week44.1991",120593.312261019
"Week45.1991",115455.703830296
"Week46.1991",109638.022580203
"Week47.1991",103584.374597219
"Week48.1991",97001.5226953995
"Week49.1991",90363.2531075215
"Week50.1991",83006.6893467805
"Week51.1991",76630.5089510247
"Week52.1991",70433.5617625246
"Week1.1992",64782.4463493491
"Week2.1992",59100.2985932241
"Week3.1992",53860.4538801614
"Week4.1992",48978.9665839902
"Week5.1992",44710.8701166734
"Week6.1992",40335.6895202669
"Week7.1992",36293.4838771749
"Week8.1992",32580.8350508452
"Week9.1992",29871.8277712571
"Week10.1992",27069.5200237242
"Week11.1992",24316.9941015818
"Week12.1992",21919.232947495
"Week13.1992",19385.2978874297
"Week14.1992",17143.1178800592
"Week15.1992",15217.9830364888
"Week16.1992",13389.0606006624
"Week17.1992",11884.4562462926
"Week18.1992",10567.4986759537
"Week19.1992",9469.3458807145
"Week20.1992",8380.88057288449
"Week21.1992",7479.52196137948
"Week22.1992",6772.91874460591
"Week23.1992",6005.96211977915
"Week24.1992",5383.24832903457
"Week25.1992",4779.97811003094
"Week26.1992",4266.72685413345
"Week27.1992",3893.18506121401
"Week28.1992",4303.54744326144
"Week29.1992",10304.7368113635
"Week30.1992",36337.4480417914
"Week31.1992",91944.2194454436
"Week32.1992",151542.902083509
"Week33.1992",182760.14237405
"Week34.1992",189621.454641262
"Week35.1992",188023.905410261
"Week36.1992",184718.460326634
"Week37.1992",180992.638873537
"Week38.1992",176243.553697478
"Week39.1992",171966.55479706
"Week40.1992",167464.810927358
"Week41.1992",162872.621319071
"Week42.1992",157696.268908123
"Week43.1992",152541.121726967
"Week44.1992",147451.370578224
"Week45.1992",141915.057489822
"Week46.1992",135415.508826561
"Week47.1992",128502.481501782
"Week48.1992",120823.383980692
"Week49.1992",112977.236370703
"Week50.1992",104141.924814842
"Week51.1992",96453.3626731204
"Week52.1992",88917.7462754601
"Week1.1993",82008.6137495099
"Week2.1993",75008.0529445151
"Week3.1993",68525.7753419326
"Week4.1993",62461.2163567242
"Week5.1993",57142.632024049
"Week6.1993",51653.4269789707
"Week7.1993",46562.4092206545
"Week8.1993",41872.7869538139
"Week9.1993",38456.1135392278
"Week10.1993",34903.9447851785
"Week11.1993",31401.1504068215
"Week12.1993",28344.2745199274
"Week13.1993",25100.9499894192
"Week14.1993",22225.6681650176
"Week15.1993",19753.0640431275
"Week16.1993",17398.699521491
"Week17.1993",15460.6636296847
"Week18.1993",13762.2475000537
"Week19.1993",12344.3888336311
"Week20.1993",10935.2023725317
"Week21.1993",9767.23361591028
"Week22.1993",8851.66673284311
"Week23.1993",7855.47814710657
"Week24.1993",7046.48247459905
"Week25.1993",6267.66413716704
"Week26.1993",5739.52233980198
"Week27.1993",6930.45720879698
"Week28.1993",17622.8209361404
"Week29.1993",54021.4329370961
"Week30.1993",115072.716946069
"Week31.1993",166266.529264302
"Week32.1993",186793.052593212
"Week33.1993",188404.498521136
"Week34.1993",185115.777180049
"Week35.1993",180890.35719752
"Week36.1993",176402.306257272
"Week37.1993",171811.05077011
"Week38.1993",166423.110464134
"Week39.1993",161629.938204246
"Week40.1993",156748.637356806
"Week41.1993",151890.092735659
"Week42.1993",146580.396404505
"Week43.1993",141369.405870768
"Week44.1993",136286.985018306
"Week45.1993",130847.125556561
"Week46.1993",124570.657638552
"Week47.1993",117966.546528747
"Week48.1993",110708.493593217
"Week49.1993",103340.197174474
"Week50.1993",95104.6656152446
"Week51.1993",87951.0269443519
"Week52.1993",80966.8830230046
"Week1.1994",74579.7139020289
"Week2.1994",68133.1875476957
"Week3.1994",62176.750857601
"Week4.1994",56613.9021290573
"Week5.1994",51739.9320934369
"Week6.1994",46725.3380829213
"Week7.1994",42084.1798988409
"Week8.1994",37815.7388179265
"Week9.1994",34703.5210019462
"Week10.1994",31474.5755609611
"Week11.1994",28296.7290032239
"Week12.1994",25526.3801832378
"Week13.1994",22591.9886189977
"Week14.1994",19992.50197846
"Week15.1994",17758.8726787115
"Week16.1994",15634.4958378527
"Week17.1994",13886.334444429
"Week18.1994",12354.8847998646
"Week19.1994",11076.6844105047
"Week20.1994",9807.96749457049
"Week21.1994",8757.16217607898
"Week22.1994",7933.50701557302
"Week23.1994",7038.10851270611
"Week24.1994",6310.97324855074
"Week25.1994",5606.02311057671
"Week26.1994",5003.8914141841
"Week27.1994",4512.04164486797
"Week28.1994",4201.40217365093
"Week29.1994",5433.64099876454
"Week30.1994",15681.6123044805
"Week31.1994",51191.0743175141
"Week32.1994",112474.095093359
"Week33.1994",165242.904793491
"Week34.1994",187499.584585773
"Week35.1994",190731.721132239
"Week36.1994",188629.70067662
"Week37.1994",185481.465262615
"Week38.1994",181144.281186705
"Week39.1994",177205.451178308
"Week40.1994",172960.371785154
"Week41.1994",168558.832551545
"Week42.1994",163496.126261564
"Week43.1994",158405.625116427
"Week44.1994",153342.282118294
"Week45.1994",147777.96789984
"Week46.1994",141179.930347121
"Week47.1994",134122.167859233
"Week48.1994",126235.216333848
"Week49.1994",118146.268894064
"Week50.1994",108998.79921801
"Week51.1994",101031.605463062
"Week52.1994",93206.8545482909
"Week1.1995",86023.0184940746
"Week2.1995",78729.2395306015
"Week3.1995",71966.6187896017
"Week4.1995",65632.6489450444
"Week5.1995",60075.2229457411
"Week6.1995",54331.7903404336
"Week7.1995",48999.506043855
"Week8.1995",44082.4634283969
"Week9.1995",40500.6536735271
"Week10.1995",36773.0339988548
"Week11.1995",33094.7313081888
"Week12.1995",29883.2937697836
"Week13.1995",26472.1874475155
"Week14.1995",23446.9001465396
"Week15.1995",20844.4320163861
"Week16.1995",18364.7698866987
"Week17.1995",16323.0296165488
"Week18.1995",14533.2588385365
"Week19.1995",13039.0539242072
"Week20.1995",11553.3184950019
"Week21.1995",10321.528148278
"Week22.1995",9355.6732898634
"Week23.1995",8304.16304013725
"Week24.1995",7450.2561628594
"Week25.1995",6627.01544074911
"Week26.1995",6050.79514354164
"Week27.1995",7110.96263260549
"Week28.1995",17324.7031169089
"Week29.1995",52859.233663093
"Week30.1995",113604.460054363
"Week31.1995",165516.364055155
"Week32.1995",186785.411436078
"Week33.1995",188667.375398688
"Week34.1995",185432.701768847
"Week35.1995",181220.634256877
"Week36.1995",176739.395099074
"Week37.1995",172152.255123492
"Week38.1995",166764.634959982
"Week39.1995",161971.104155782
"Week40.1995",157087.699624391
"Week41.1995",152225.668817165
"Week42.1995",146910.346266222
"Week43.1995",141692.930072173
"Week44.1995",136603.543778975
"Week45.1995",131155.238834484
"Week46.1995",124867.658179954
"Week47.1995",118250.936372599
"Week48.1995",110978.041220066
"Week49.1995",103594.122731858
"Week50.1995",95340.3621577617
"Week51.1995",88170.7107264286
"Week52.1995",81170.5830976513
"Week1.1996",74768.5642007403
"Week2.1996",68306.7433119999
"Week3.1996",62336.0404102477
"Week4.1996",56759.7640232423
"Week5.1996",51873.9925071853
"Week6.1996",46847.1632182496
"Week7.1996",42194.6875647506
"Week8.1996",37915.5684518052
"Week9.1996",34795.2600785803
"Week10.1996",31557.7778839013
"Week11.1996",28371.6327341966
"Week12.1996",25594.1306121147
"Week13.1996",22652.1352874254
"Week14.1996",20045.881533781
"Week15.1996",17806.4085296881
"Week16.1996",15676.4454481323
"Week17.1996",13923.685377717
"Week18.1996",12388.2030094007
"Week19.1996",11106.6278270798
"Week20.1996",9834.53185318397
"Week21.1996",8780.91974270573
"Week22.1996",7955.06896784555
"Week23.1996",7057.27239377324
"Week24.1996",6328.18455796804
"Week25.1996",5621.33415821187
"Week26.1996",5017.44606801433
"Week27.1996",4518.70680724016
"Week28.1996",4078.43701874808
"Week29.1996",3701.68165460702
"Week30.1996",3392.55985793256
"Week31.1996",3451.04115218912
"Week32.1996",6575.1249376755
"Week33.1996",23914.6875280408
"Week34.1996",70654.7487358332
"Week35.1996",134137.629338163
"Week36.1996",177663.725950661
"Week37.1996",192518.993385601
"Week38.1996",193452.324711463
"Week39.1996",191914.419445212
"Week40.1996",189417.490390215
"Week41.1996",186410.051312507
"Week42.1996",182382.670735755
"Week43.1996",178066.914469197
"Week44.1996",173559.012970278
"Week45.1996",168288.755937844
"Week46.1996",161665.091537806
"Week47.1996",154357.364106658
"Week48.1996",145953.134033407
"Week49.1996",137181.602961721
"Week50.1996",127050.726992666
"Week51.1996",118180.454407297
"Week52.1996",109383.577590864
"Week1.1997",101259.635207194
"Week2.1997",92935.6877109472
"Week3.1997",85174.5109601168
"Week4.1997",77864.6113476204
"Week5.1997",71429.5279402717
"Week6.1997",64735.9934754474
"Week7.1997",58500.5446953363
"Week8.1997",52730.9148370591
"Week9.1997",48531.3858704591
"Week10.1997",44134.7974030179
"Week11.1997",39779.478960315
"Week12.1997",35971.3738129493
"Week13.1997",31909.4737239434
"Week14.1997",28299.2041163134
"Week15.1997",25188.4470227175
"Week16.1997",22217.5539986432
"Week17.1997",19768.9138773874
"Week18.1997",17618.95507449
"Week19.1997",15822.3828226915
"Week20.1997",14032.4771933401
"Week21.1997",12547.9665200383
"Week22.1997",11383.8404650381
"Week23.1997",10112.5522263633
"Week24.1997",9085.97008005072
"Week25.1997",8237.20025923969
"Week26.1997",9246.08433549995
"Week27.1997",20263.3090088954
"Week28.1997",57372.213530913
"Week29.1997",118310.484407421
"Week30.1997",167705.403630201
"Week31.1997",186580.037843852
"Week32.1997",187754.286829902
"Week33.1997",183693.969053273
"Week34.1997",178892.148362541
"Week35.1997",173874.376241609
"Week36.1997",168794.318272321
"Week37.1997",163745.299009103
"Week38.1997",158051.099607645
"Week39.1997",153017.104305845
"Week40.1997",147981.586920528
"Week41.1997",143036.547395204
"Week42.1997",137725.095264625
"Week43.1997",132557.647789864
"Week44.1997",127550.926677853
"Week45.1997",122246.744615367
"Week46.1997",116198.863553181
"Week47.1997",109880.427419058
"Week48.1997",102983.117268677
"Week49.1997",96009.6739108641
"Week50.1997",88256.5721227467
"Week51.1997",81530.8910712126
"Week52.1997",74982.7832998336
"Week1.1998",69005.529738966
"Week2.1998",62987.511383589
"Week3.1998",57433.6348604463
"Week4.1998",52253.7197628249
"Week5.1998",47720.7849008566
"Week6.1998",43068.2207357336
"Week7.1998",38767.3187512536
"Week8.1998",34814.8216186831
"Week9.1998",31930.9491515083
"Week10.1998",28944.4367233361
"Week11.1998",26009.3062096587
"Week12.1998",23451.7882684502
"Week13.1998",20746.5572090971
"Week14.1998",18351.9275236204
"Week15.1998",16295.405317831
"Week16.1998",14340.7657454688
"Week17.1998",12732.4506919737
"Week18.1998",11324.0461226019
"Week19.1998",10149.1721317524
"Week20.1998",8984.17104255515
"Week21.1998",8019.43665547203
"Week22.1998",7263.1167767359
"Week23.1998",6441.68289984763
"Week24.1998",5774.76436187757
"Week25.1998",5128.40985725996
"Week26.1998",4576.36603935767
"Week27.1998",4120.62357904734
"Week28.1998",3718.40408793143
"Week29.1998",3374.21497309239
"Week30.1998",3091.89740111958
"Week31.1998",3151.41184882157
"Week32.1998",6120.60483786679
"Week33.1998",22861.5703699747
"Week34.1998",68799.6616179383
"Week35.1998",132348.831621547
"Week36.1998",176742.688835437
"Week37.1998",192212.97504498
"Week38.1998",193344.064815739
"Week39.1998",191864.563245001
"Week40.1998",189402.33902318
"Week41.1998",186423.316476017
"Week42.1998",182419.964035168
"Week43.1998",178124.263518081
"Week44.1998",173633.023515635
"Week45.1998",168376.153158604
"Week46.1998",161762.487510243
"Week47.1998",154461.941128228
"Week48.1998",146061.901953047
"Week49.1998",137292.372876221
"Week50.1998",127160.61913236
"Week51.1998",118288.852302121
"Week52.1998",109489.099746498
"Week1.1999",101361.750176293
"Week2.1999",93033.2200211933
"Week3.1999",85267.1372545462
"Week4.1999",77952.0177817928
"Week5.1999",71512.0240417213
"Week6.1999",64812.6892399434
"Week7.1999",58571.4839421847
"Week8.1999",52796.2796315047
"Week9.1999",48592.872484677
"Week10.1999",44192.007460668
"Week11.1999",39832.2738896857
"Week12.1999",36020.049612593
"Week13.1999",31953.1165214221
"Week14.1999",28338.0971388817
"Week15.1999",25223.2624889815
"Week16.1999",22248.5374253058
"Week17.1999",19796.7744254501
"Week18.1999",17644.046360145
"Week19.1999",15845.1304934238
"Week20.1999",14052.8275023849
"Week21.1999",12566.3159440717
"Week22.1999",11400.6231435574
"Week23.1999",10127.4054759692
"Week24.1999",9092.36442140861
"Week25.1999",8086.22132310211
"Week26.1999",7225.86809611988
"Week27.1999",6515.28227533738
"Week28.1999",5900.37685219366
"Week29.1999",5631.3842098197
"Week30.1999",8015.32051465809
"Week31.1999",23326.3420287678
"Week32.1999",67321.7883655173
"Week33.1999",130306.207976993
"Week34.1999",175543.068807614
"Week35.1999",191158.392392458
"Week36.1999",192396.621835158
"Week37.1999",190175.296914381
"Week38.1999",186350.247689003
"Week39.1999",182820.263718854
"Week40.1999",178892.211594857
"Week41.1999",174729.47486507
"Week42.1999",169819.017121017
"Week43.1999",164822.519388481
"Week44.1999",159806.515424494
"Week45.1999",154227.510747775
"Week46.1999",147532.123745497
"Week47.1999",140324.897171025
"Week48.1999",132219.102705364
"Week49.1999",123870.638297165
"Week50.1999",114383.907054478
"Week51.1999",106112.271907183
"Week52.1999",97971.2360749728
"Week1.2000",90486.2658139829
"Week2.2000",82870.1667859229
"Week3.2000",75798.955087828
"Week4.2000",69166.9559761047
"Week5.2000",63344.2104131727
"Week6.2000",57318.2998167298
"Week7.2000",51718.8091307539
"Week8.2000",46549.6822118067
"Week9.2000",42784.5226317503
"Week10.2000",38861.7274185717
"Week11.2000",34988.0988733245
"Week12.2000",31604.7554393562
"Week13.2000",28006.4936588944
"Week14.2000",24813.4680251195
"Week15.2000",22065.9707385741
"Week16.2000",19446.5360529272
"Week17.2000",17288.9631538587
"Week18.2000",15396.9673619124
"Week19.2000",13817.2303208358
"Week20.2000",12245.8043207997
"Week21.2000",10942.7905847675
"Week22.2000",9920.83743541542
"Week23.2000",8807.34313793744
"Week24.2000",7902.91570496891
"Week25.2000",7024.81302712902
"Week26.2000",6274.14676848507
"Week27.2000",5654.49850184203
"Week28.2000",5123.6668582738
"Week29.2000",4976.83961197154
"Week30.2000",7834.89447903839
"Week31.2000",24693.0524546581
"Week32.2000",70796.1242324426
"Week33.2000",133772.837104618
"Week34.2000",176915.471689672
"Week35.2000",191006.464882803
"Week36.2000",191788.197283498
"Week37.2000",189471.399100966
"Week38.2000",185612.768358921
"Week39.2000",182058.577457016
"Week40.2000",178113.838547789
"Week41.2000",173940.76396811
"Week42.2000",169027.856647655
"Week43.2000",164033.423369337
"Week44.2000",159023.169361008
"Week45.2000",153455.596715751
"Week46.2000",146780.046015605
"Week47.2000",139597.539879211
"Week48.2000",131523.158988935
"Week49.2000",123209.617477216
"Week50.2000",113766.032628135
"Week51.2000",105532.738190236
"Week52.2000",97430.6405597429
"Week1.2001",89982.2143818272
"Week2.2001",82404.5140759777
"Week3.2001",75369.6362407491
"Week4.2001",68772.3860646417
"Week5.2001",62980.4798566289
"Week6.2001",56987.1467079374
"Week7.2001",51418.3870792861
"Week8.2001",46278.1474591533
"Week9.2001",42534.0496125439
"Week10.2001",38633.3272648813
"Week11.2001",34781.5493134164
"Week12.2001",31417.2266958403
"Week13.2001",27839.3455623817
"Week14.2001",24664.4699839568
"Week15.2001",21932.7566110917
"Week16.2001",19328.6499090725
"Week17.2001",17183.8239820595
"Week18.2001",15303.0787499676
"Week19.2001",13732.7510709697
"Week20.2001",12170.7252609546
"Week21.2001",10875.5087025625
"Week22.2001",9859.6866227945
"Week23.2001",8752.94843898833
"Week24.2001",7854.01613573118
"Week25.2001",6981.25765351352
"Week26.2001",6235.16070414038
"Week27.2001",5618.80468134596
"Week28.2001",5074.23492818648
"Week29.2001",4607.44730143003
"Week30.2001",4213.24496211487
"Week31.2001",4133.30244444634
"Week32.2001",7307.24243025552
"Week33.2001",31095.5386038313
"Week34.2001",116773.866328664
"Week35.2001",272764.502419148
"Week36.2001",416519.406400287
"Week37.2001",483563.479147465
"Week38.2001",496351.152980848
"Week39.2001",495088.377047665
"Week40.2001",489939.889840923
"Week41.2001",483188.683678346
"Week42.2001",473634.935918695
"Week43.2001",463191.042795561
"Week44.2001",452126.68489183
"Week45.2001",438969.480446312
"Week46.2001",422181.682277056
"Week47.2001",403519.656317155
"Week48.2001",381909.399269632
"Week49.2001",359267.548682364
"Week50.2001",333002.01595417
"Week51.2001",309978.967992175
"Week52.2001",287095.428143007
"Week1.2002",265934.009026101
"Week2.2002",244211.375905531
"Week3.2002",223934.958877775
"Week4.2002",204816.090453463
"Week5.2002",187974.023596185
"Week6.2002",170429.658484768
"Week7.2002",154072.625588967
"Week8.2002",138928.281058123
"Week9.2002",127909.955879185
"Week10.2002",116361.567576275
"Week11.2002",104910.632235317
"Week12.2002",94893.7164615005
"Week13.2002",84200.5002384185
"Week14.2002",74693.3387695175
"Week15.2002",66498.8731434547
"Week16.2002",58668.3923474427
"Week17.2002",52213.423171883
"Week18.2002",46544.4962119204
"Week19.2002",41806.2817583839
"Week20.2002",37083.3109853231
"Week21.2002",33165.6958706672
"Week22.2002",30093.7502451535
"Week23.2002",26737.0406575793
"Week24.2002",24007.8967370182
"Week25.2002",21353.9653960563
"Week26.2002",19091.7807289559
"Week27.2002",17442.097872584
"Week28.2002",19419.3031141146
"Week29.2002",49027.0725602567
"Week30.2002",184972.894782869
"Week31.2002",493549.794368132
"Week32.2002",845589.320577609
"Week33.2002",1042945.71555327
"Week34.2002",1091513.24172176
"Week35.2002",1084777.08050951
"Week36.2002",1066541.86937561
"Week37.2002",1045601.96901626
"Week38.2002",1018647.25056685
"Week39.2002",994341.523690409
"Week40.2002",968668.252448883
"Week41.2002",942414.552235703
"Week42.2002",912728.964585221
"Week43.2002",883122.206259731
"Week44.2002",853857.053281087
"Week45.2002",821973.272763819
"Week46.2002",784482.716001431
"Week47.2002",744569.570905494
"Week48.2002",700190.765444083
"Week49.2002",654819.489807107
"Week50.2002",603693.568765941
"Week51.2002",559196.821222742
"Week52.2002",515570.427552364
"Week1.2003",475562.341902175
"Week2.2003",435011.178460069
"Week3.2003",397454.460858481
"Week4.2003",362311.774027038
"Week5.2003",331489.442634406
"Week6.2003",299670.73726513
"Week7.2003",270155.003775289
"Week8.2003",242962.149274406
"Week9.2003",223151.518974489
"Week10.2003",202552.287579126
"Week11.2003",182237.500661045
"Week12.2003",164507.765589791
"Week13.2003",145692.438413741
"Week14.2003",129010.341496405
"Week15.2003",114663.355674663
"Week16.2003",101000.932560822
"Week17.2003",89754.0317159994
"Week18.2003",79897.2838750931
"Week19.2003",71668.6529324943
"Week20.2003",63489.665786333
"Week21.2003",56710.3531201841
"Week22.2003",51395.9063479896
"Week23.2003",45612.9831918689
"Week24.2003",40915.8411526019
"Week25.2003",36358.3276425063
"Week26.2003",32484.1214305968
"Week27.2003",29799.0781293417
"Week28.2003",34465.6616587114
"Week29.2003",87934.9623635214
"Week30.2003",300568.840647174
"Week31.2003",718929.972394984
"Week32.2003",1131622.83962172
"Week33.2003",1328973.65673535
"Week34.2003",1365470.9528913
"Week35.2003",1350684.16370344
"Week36.2003",1325830.04501276
"Week37.2003",1298316.25426204
"Week38.2003",1263598.69870741
"Week39.2003",1232373.63721275
"Week40.2003",1199630.19349913
"Week41.2003",1166316.10426319
"Week42.2003",1128889.42288275
"Week43.2003",1091673.9277225
"Week44.2003",1054977.07798534
"Week45.2003",1015129.05769661
"Week46.2003",968427.366484551
"Week47.2003",918805.625276416
"Week48.2003",863743.27318487
"Week49.2003",807519.923517799
"Week50.2003",744254.947685455
"Week51.2003",689210.0398332
"Week52.2003",635280.363140254
"Week1.2004",585845.774731019
"Week2.2004",535775.524375089
"Week3.2004",489422.725481285
"Week4.2004",446065.114566861
"Week5.2004",408043.702201668
"Week6.2004",368812.854686819
"Week7.2004",332435.087019832
"Week8.2004",298931.39627571
"Week9.2004",274520.764417622
"Week10.2004",249147.141127323
"Week11.2004",224131.244501532
"Week12.2004",202302.950972159
"Week13.2004",179145.612884712
"Week14.2004",158615.706220375
"Week15.2004",140961.746456215
"Week16.2004",124154.41208738
"Week17.2004",110319.969678204
"Week18.2004",98196.603115737
"Week19.2004",88075.9629795
"Week20.2004",78018.2162272771
"Week21.2004",69682.6771751764
"Week22.2004",63148.7094874363
"Week23.2004",56039.9835315328
"Week24.2004",50265.9425679044
"Week25.2004",44664.4150075554
"Week26.2004",39900.8303833595
"Week27.2004",36463.026576534
"Week28.2004",39210.9634355289
"Week29.2004",75783.3677935059
"Week30.2004",202054.680660434
"Week31.2004",413096.196456613
"Week32.2004",588434.280865944
"Week33.2004",656730.734712379
"Week34.2004",663099.91643098
"Week35.2004",652730.810675676
"Week36.2004",639211.951397032
"Week37.2004",624775.058832856
"Week38.2004",607072.879925343
"Week39.2004",591216.470045796
"Week40.2004",574771.82573309
"Week41.2004",558172.754533248
"Week42.2004",539711.665905253
"Week43.2004",521441.122517596
"Week44.2004",503495.690856159
"Week45.2004",484112.692644569
"Week46.2004",461519.514750433
"Week47.2004",437592.702306517
"Week48.2004",411130.006417745
"Week49.2004",384164.372673453
"Week50.2004",353892.607266065
"Week51.2004",327568.413724875
"Week52.2004",301808.414365421
"Week1.2005",278213.327340386
"Week2.2005",254342.91489053
"Week3.2005",232260.170004803
"Week4.2005",211616.973132557
"Week5.2005",193519.960435882
"Week6.2005",174863.794892536
"Week7.2005",157574.839398977
"Week8.2005",141659.788375945
"Week9.2005",130061.198716094
"Week10.2005",118011.400721491
"Week11.2005",106137.627701062
"Week12.2005",95781.1308626458
"Week13.2005",84801.6420960582
"Week14.2005",75070.6036485899
"Week15.2005",66704.6193519021
"Week16.2005",58742.4577148558
"Week17.2005",52189.333845694
"Week18.2005",46447.5499852895
"Week19.2005",41654.5837830394
"Week20.2005",36892.9885514001
"Week21.2005",32947.4499531163
"Week22.2005",29854.8600074942
"Week23.2005",26491.2350549948
"Week24.2005",23759.2178356857
"Week25.2005",21109.2324392332
"Week26.2005",18845.2072910305
"Week27.2005",16975.1028086346
"Week28.2005",15323.747244631
"Week29.2005",13920.8762515579
"Week30.2005",13016.5972000142
"Week31.2005",16463.2859287736
"Week32.2005",48464.6953794178
"Week33.2005",172102.133432312
"Week34.2005",411280.72677761
"Week35.2005",644588.53942347
"Week36.2005",758789.245455267
"Week37.2005",784594.094503897
"Week38.2005",778915.919551328
"Week39.2005",769930.101744174
"Week40.2005",758139.688934884
"Week41.2005",744612.898399769
"Week42.2005",727240.468833152
"Week43.2005",708925.42914991
"Week44.2005",690019.248371108
"Week45.2005",668241.906243949
"Week46.2005",641232.86189689
"Week47.2005",611638.014918485
"Week48.2005",577815.422814074
"Week49.2005",542636.510583198
"Week50.2005",502176.364329937
"Week51.2005",466790.336619035
"Week52.2005",431770.648297621
"Week1.2006",399469.012232568
"Week2.2006",366429.894717886
"Week3.2006",335658.151776101
"Week4.2006",306706.436128332
"Week5.2006",281236.987393978
"Week6.2006",254781.936482215
"Week7.2006",230155.113520281
"Week8.2006",207379.95194143
"Week9.2006",190795.770017561
"Week10.2006",173454.183504868
"Week11.2006",156292.209168188
"Week12.2006",141292.988044758
"Week13.2006",125305.579886367
"Week14.2006",111100.133014679
"Week15.2006",98864.7813428296
"Week16.2006",87185.4781083174
"Week17.2006",77560.3734044079
"Week18.2006",69111.6368189377
"Week19.2006",62053.3652115372
"Week20.2006",55024.414500182
"Week21.2006",49195.255337777
"Week22.2006",44623.6985147927
"Week23.2006",39633.1108551499
"Week24.2006",35577.0646814318
"Week25.2006",31637.4381948085
"Week26.2006",28324.0525868068
"Week27.2006",26798.8956621003
"Week28.2006",39539.7005040729
"Week29.2006",133627.620865156
"Week30.2006",444491.031095814
"Week31.2006",959326.681935002
"Week32.2006",1386349.83093865
"Week33.2006",1554021.79729387
"Week34.2006",1571883.6688519
"Week35.2006",1549132.44897601
"Week36.2006",1518537.71094195
"Week37.2006",1485502.4230398
"Week38.2006",1444485.36286236
"Week39.2006",1407676.54928689
"Week40.2006",1369315.78213248
"Week41.2006",1330458.52766272
"Week42.2006",1287051.95206245
"Week43.2006",1244003.09217967
"Week44.2006",1201646.60617735
"Week45.2006",1155785.78014212
"Week46.2006",1102193.23796192
"Week47.2006",1045353.28203273
"Week48.2006",982397.648667765
"Week49.2006",918187.15311272
"Week50.2006",846025.51478233
"Week51.2006",783257.463313634
"Week52.2006",721801.613212492
"Week1.2007",665491.450992058
"Week2.2007",608495.060475678
"Week3.2007",555751.096089268
"Week4.2007",506430.335163285
"Week5.2007",463184.709867377
"Week6.2007",418585.065947546
"Week7.2007",377244.486854805
"Week8.2007",339181.487366702
"Week9.2007",311445.116399064
"Week10.2007",282622.527076258
"Week11.2007",254214.708079681
"Week12.2007",229432.458125824
"Week13.2007",203150.178050638
"Week14.2007",179852.948149515
"Week15.2007",159821.868130458
"Week16.2007",140754.834048463
"Week17.2007",125061.111832877
"Week18.2007",111309.224520768
"Week19.2007",99829.1683615743
"Week20.2007",88422.6069581635
"Week21.2007",78970.4931203343
"Week22.2007",71561.6955790988
"Week23.2007",63502.2820570078
"Week24.2007",56956.0410275082
"Week25.2007",50605.7261278659
"Week26.2007",45180.05641678
"Week27.2007",40698.2623306844
"Week28.2007",36739.8496243032
"Week29.2007",33347.3922651695
"Week30.2007",30413.6280750025
"Week31.2007",28149.9695940119
"Week32.2007",30059.7047024072
"Week33.2007",66342.607630176
"Week34.2007",250562.532017671
"Week35.2007",711178.966792512
"Week36.2007",1293031.27537693
"Week37.2007",1665602.88199169
"Week38.2007",1778426.65807315
"Week39.2007",1791260.31299181
"Week40.2007",1777987.01690009
"Week41.2007",1757035.60512955
"Week42.2007",1725298.25205907
"Week43.2007",1689854.24740936
"Week44.2007",1651733.76715399
"Week45.2007",1605612.6261724
"Week46.2007",1545868.65176954
"Week47.2007",1478958.54683547
"Week48.2007",1400969.75604503
"Week49.2007",1318950.09960177
"Week50.2007",1223418.08031193
"Week51.2007",1139599.89485951
"Week52.2007",1056114.45738699
"Week1.2008",978811.08694138
"Week2.2008",899318.36529449
"Week3.2008",825046.127625157
"Week4.2008",754942.097868851
"Week5.2008",693149.130917321
"Week6.2008",628692.328736525
"Week7.2008",568549.613883552
"Week8.2008",512832.565784519
"Week9.2008",472312.256013942
"Week10.2008",429802.553760762
"Week11.2008",387614.292404283
"Week12.2008",350691.250043633
"Week13.2008",311244.792603228
"Week14.2008",276164.642296326
"Week15.2008",245921.662850778
"Week16.2008",217006.995516649
"Week17.2008",193166.894324317
"Week18.2008",172226.088768231
"Week19.2008",154720.351575242
"Week20.2008",137262.520637177
"Week21.2008",122779.518603821
"Week22.2008",111423.291980985
"Week23.2008",99009.752689268
"Week24.2008",88916.5667519423
"Week25.2008",79103.7680183351
"Week26.2008",70907.5706224143
"Week27.2008",67164.7659189802
"Week28.2008",87564.8298977052
"Week29.2008",196244.765691938
"Week30.2008",440804.28990507
"Week31.2008",712102.112881969
"Week32.2008",859123.556136971
"Week33.2008",888856.892438051
"Week34.2008",878010.240740212
"Week35.2008",859016.485719674
"Week36.2008",838306.049545776
"Week37.2008",816997.084709353
"Week38.2008",791816.640742271
"Week39.2008",769390.575360155
"Week40.2008",746483.706234381
"Week41.2008",723624.948729303
"Week42.2008",698569.663920429
"Week43.2008",673943.877824749
"Week44.2008",649897.853411843
"Week45.2008",624125.378133975
"Week46.2008",594334.874150853
"Week47.2008",562950.656993774
"Week48.2008",528418.979905414
"Week49.2008",493341.390347589
"Week50.2008",454105.831035991
"Week51.2008",420017.05067171
"Week52.2008",386722.060033323
"Week1.2009",356263.051642601
"Week2.2009",325507.609138451
"Week3.2009",297085.668857461
"Week4.2009",270539.587882813
"Week5.2009",247278.587702037
"Week6.2009",223335.935831019
"Week7.2009",201170.84774336
"Week8.2009",180782.693899635
"Week9.2009",165917.734623886
"Week10.2009",150489.852475992
"Week11.2009",135302.461742259
"Week12.2009",122062.851772173
"Week13.2009",108038.441883794
"Week14.2009",95613.4373807157
"Week15.2009",84935.7644380452
"Week16.2009",74779.2473411192
"Week17.2009",66421.4617269396
"Week18.2009",59099.8558549551
"Week19.2009",52988.7396361851
"Week20.2009",46921.5003098988
"Week21.2009",41895.7979115601
"Week22.2009",37956.7329879092
"Week23.2009",33675.3950143456
"Week24.2009",30225.5919989172
"Week25.2009",27237.5245794694
"Week26.2009",27116.0799506329
"Week27.2009",34955.0660375314
"Week28.2009",51993.0038256974
"Week29.2009",68104.0165090829
"Week30.2009",74483.9656655664
"Week31.2009",74206.0572345936
"Week32.2009",72006.6475912809
"Week33.2009",69343.2721673614
"Week34.2009",66746.1226617229
"Week35.2009",64221.4698839798
"Week36.2009",61790.1014424936
"Week37.2009",59467.5360145215
"Week38.2009",56993.4508147884
"Week39.2009",54827.948315421
"Week40.2009",52720.2626366521
"Week41.2009",50694.0407080824
"Week42.2009",48580.9829168184
"Week43.2009",46555.4900024288
"Week44.2009",44618.5943628793
"Week45.2009",42606.9370322308
"Week46.2009",40363.0556810175
"Week47.2009",38049.8006680286
"Week48.2009",35558.4601836042
"Week49.2009",33061.8050591857
"Week50.2009",30316.2583109924
"Week51.2009",27941.1598420894
"Week52.2009",25641.8647885599
"Week1.2010",23550.2718729385
"Week2.2010",21455.3468913615
"Week3.2010",19528.1872071703
"Week4.2010",17737.1629852481
"Week5.2010",16173.383649564
"Week6.2010",14575.2586999433
"Week7.2010",13101.4597995481
"Week8.2010",11750.1503736621
"Week9.2010",10763.5869492344
"Week10.2010",9745.63568003066
"Week11.2010",8747.66902488491
"Week12.2010",7878.95106938143
"Week13.2010",6962.068928914
"Week14.2010",6150.06392358459
"Week15.2010",5452.81838353658
"Week16.2010",4792.71377516415
"Week17.2010",4251.12443937007
"Week18.2010",3777.91474069842
"Week19.2010",3383.57920858689
"Week20.2010",2993.1830470467
"Week21.2010",2670.01969026681
"Week22.2010",2416.70247068845
"Week23.2010",2142.12565555493
"Week24.2010",1919.24366610776
"Week25.2010",1703.49466060107
"Week26.2010",1519.3590658198
"Week27.2010",1367.40278043568
"Week28.2010",1234.00814197323
"Week29.2010",1148.76138779827
"Week30.2010",1798.5812258468
"Week31.2010",12031.5792277922
"Week32.2010",86844.8627929832
"Week33.2010",367021.575548685
"Week34.2010",901382.670644732
"Week35.2010",1416917.3724782
"Week36.2010",1667040.93039184
"Week37.2010",1723502.80372381
"Week38.2010",1711534.62406419
"Week39.2010",1692383.78632107
"Week40.2010",1666990.20316062
"Week41.2010",1637695.49184358
"Week42.2010",1599870.59829364
"Week43.2010",1559910.18727475
"Week44.2010",1518596.13310776
"Week45.2010",1470917.84074131
"Week46.2010",1411682.04318621
"Week47.2010",1346715.26376926
"Week48.2010",1272404.27646895
"Week49.2010",1195073.46327532
"Week50.2010",1106081.58726165
"Week51.2010",1028239.84199162
"Week52.2010",951183.133408528
