"","x"
"Week1.1956",9.99051786692077e-12
"Week2.1956",1.03650417191842e-11
"Week3.1956",1.03142990414018e-11
"Week4.1956",1.01271557029276e-11
"Week5.1956",9.99961549669941e-12
"Week6.1956",9.94027287230241e-12
"Week7.1956",1.03443793079221e-11
"Week8.1956",1.21646145919401e-11
"Week9.1956",1.9306532875329e-11
"Week10.1956",4.8489345734915e-11
"Week11.1956",1.94070932281821e-10
"Week12.1956",1.07548988948054e-09
"Week13.1956",7.38105670669962e-09
"Week14.1956",5.96175257330551e-08
"Week15.1956",5.43824606613901e-07
"Week16.1956",5.39497669374886e-06
"Week17.1956",5.63294858685422e-05
"Week18.1956",0.000596457867592412
"Week19.1956",0.00619301431185838
"Week20.1956",0.0608316909528089
"Week21.1956",0.549186496602519
"Week22.1956",4.41801956146501
"Week23.1956",30.649277545267
"Week24.1956",180.179043700699
"Week25.1956",873.785362410957
"Week26.1956",3453.69704758008
"Week27.1956",11004.3654561655
"Week28.1956",28068.9125409585
"Week29.1956",57652.8756003316
"Week30.1956",96629.9515059089
"Week31.1956",135724.326389994
"Week32.1956",165348.027653804
"Week33.1956",181828.401140153
"Week34.1956",188531.546891013
"Week35.1956",189887.971436788
"Week36.1956",188986.301511038
"Week37.1956",187238.049266731
"Week38.1956",184361.213796888
"Week39.1956",181848.23846716
"Week40.1956",179050.716930357
"Week41.1956",176092.866685637
"Week42.1956",172478.147921806
"Week43.1956",168789.226881814
"Week44.1956",165068.745669078
"Week45.1956",160788.356250448
"Week46.1956",155392.920815135
"Week47.1956",149424.968791144
"Week48.1956",142485.170252035
"Week49.1956",135182.442893122
"Week50.1956",126595.195118305
"Week51.1956",119060.079091245
"Week52.1956",111498.418479534
"Week1.1957",104458.00976656
"Week2.1957",97121.3541282177
"Week3.1957",90201.2679495635
"Week4.1957",83596.6017352924
"Week5.1957",77731.1419211297
"Week6.1957",71493.8612928
"Week7.1957",65591.70877225
"Week8.1957",60044.241220992
"Week9.1957",56023.2366289232
"Week10.1957",51712.9951239408
"Week11.1957",47352.7486894713
"Week12.1957",43491.2172328989
"Week13.1957",39256.6140721684
"Week14.1957",35428.9116362838
"Week15.1957",32082.2131850983
"Week16.1957",28815.40071345
"Week17.1957",26088.3448850069
"Week18.1957",23655.6163971565
"Week19.1957",21598.6916074345
"Week20.1957",19498.5257148896
"Week21.1957",17735.5742058604
"Week22.1957",16349.2380712626
"Week23.1957",14809.7798892364
"Week24.1957",13673.7555075271
"Week25.1957",13088.5282421414
"Week26.1957",14558.8723227461
"Week27.1957",21182.984313379
"Week28.1957",37416.4417272116
"Week29.1957",66279.4383183998
"Week30.1957",104623.960264159
"Week31.1957",143176.727133789
"Week32.1957",172320.480033561
"Week33.1957",188352.498213254
"Week34.1957",194654.889910897
"Week35.1957",195649.783910337
"Week36.1957",194421.723940507
"Week37.1957",192378.643782699
"Week38.1957",189214.49561096
"Week39.1957",186454.372626208
"Week40.1957",183427.638930749
"Week41.1957",180258.211631857
"Week42.1957",176435.322759302
"Week43.1957",172553.295843073
"Week44.1957",168653.582153117
"Week45.1957",164194.82138421
"Week46.1957",158609.633835285
"Week47.1957",152451.633751196
"Week48.1957",145312.955424717
"Week49.1957",137814.289940615
"Week50.1957",129015.708586376
"Week51.1957",121298.05360034
"Week52.1957",113560.804566438
"Week1.1958",106360.999284225
"Week2.1958",98865.3949931992
"Week3.1958",91799.1127953677
"Week4.1958",85058.4587485124
"Week5.1958",79073.9066005142
"Week6.1958",72714.6332453217
"Week7.1958",66699.4222623205
"Week8.1958",61047.6958864708
"Week9.1958",56950.2049307723
"Week10.1958",52560.5694952354
"Week11.1958",48121.8856795453
"Week12.1958",44191.585131743
"Week13.1958",39883.6282297096
"Week14.1958",35990.3805591555
"Week15.1958",32586.8628616193
"Week16.1958",29265.4438797962
"Week17.1958",26493.0325466197
"Week18.1958",24020.1922235656
"Week19.1958",21929.5122022474
"Week20.1958",19795.4186764995
"Week21.1958",18004.0945076891
"Week22.1958",16595.3734390605
"Week23.1958",15031.1857343406
"Week24.1958",13874.900129834
"Week25.1958",13269.7452015612
"Week26.1958",14722.8792227943
"Week27.1958",21332.6537270589
"Week28.1958",37553.3181948668
"Week29.1958",66405.2533571076
"Week30.1958",104740.103339766
"Week31.1958",143284.603714156
"Week32.1958",172421.053609019
"Week33.1958",188446.286223972
"Week34.1958",194742.630924803
"Week35.1958",195732.087407374
"Week36.1958",194499.133538755
"Week37.1958",192451.645204909
"Week38.1958",189283.227762927
"Week39.1958",186519.432739819
"Week40.1958",183489.305090964
"Week41.1958",180316.754401014
"Week42.1958",176490.809953472
"Week43.1958",172605.956715465
"Week44.1958",168703.6270596
"Week45.1958",164242.277648022
"Week46.1958",158654.357870144
"Week47.1958",152493.635763277
"Week48.1958",145352.126337651
"Week49.1958",137850.683141877
"Week50.1958",129049.123241098
"Week51.1958",121328.89825286
"Week52.1958",113589.184741413
"Week1.1959",106387.146445358
"Week2.1959",98889.3219127728
"Week3.1959",91820.9940406262
"Week4.1959",85078.4064797727
"Week5.1959",79092.0383739059
"Week6.1959",72730.6108076956
"Week7.1959",66712.8113428
"Week8.1959",61057.9482704109
"Week9.1959",56957.2124185234
"Week10.1959",52564.5635702218
"Week11.1959",48123.7387990803
"Week12.1959",44192.280792821
"Week13.1959",39883.8342016337
"Week14.1959",35990.429656309
"Week15.1959",32586.8724182723
"Week16.1959",29265.4454095432
"Week17.1959",26493.0327544621
"Week18.1959",24020.1922480537
"Week19.1959",21929.5122048337
"Week20.1959",19795.418676748
"Week21.1959",18004.0945077119
"Week22.1959",16595.3734390626
"Week23.1959",15031.1857343408
"Week24.1959",13874.9001298341
"Week25.1959",13269.7452015612
"Week26.1959",14722.8792227943
"Week27.1959",21332.6537270589
"Week28.1959",37553.3181948668
"Week29.1959",66405.2533571076
"Week30.1959",104740.103339766
"Week31.1959",143284.603714156
"Week32.1959",172421.053609019
"Week33.1959",188446.286223972
"Week34.1959",194742.630924803
"Week35.1959",195732.087407374
"Week36.1959",194499.133538755
"Week37.1959",192451.645204909
"Week38.1959",189283.227762927
"Week39.1959",186519.432739819
"Week40.1959",183489.305090964
"Week41.1959",180316.754401014
"Week42.1959",176490.809953472
"Week43.1959",172605.956715465
"Week44.1959",168703.6270596
"Week45.1959",164242.277648022
"Week46.1959",158654.357870144
"Week47.1959",152493.635763277
"Week48.1959",145352.126337651
"Week49.1959",137850.683141877
"Week50.1959",129049.123241098
"Week51.1959",121328.89825286
"Week52.1959",113589.184741413
"Week1.1960",106387.146445358
"Week2.1960",98889.3219127728
"Week3.1960",91820.9940406262
"Week4.1960",85078.4064797727
"Week5.1960",79092.0383739059
"Week6.1960",72730.6108076956
"Week7.1960",66712.8113428
"Week8.1960",61057.9482704109
"Week9.1960",56957.2124185234
"Week10.1960",52564.5635702218
"Week11.1960",48123.7387990803
"Week12.1960",44192.280792821
"Week13.1960",39883.8342016337
"Week14.1960",35990.429656309
"Week15.1960",32586.8724182723
"Week16.1960",29265.4454095432
"Week17.1960",26493.0327544621
"Week18.1960",24020.1922480537
"Week19.1960",21929.5122048337
"Week20.1960",19795.418676748
"Week21.1960",18004.0945077119
"Week22.1960",16595.3734390626
"Week23.1960",15031.1857343408
"Week24.1960",13874.9001298341
"Week25.1960",13269.7452015612
"Week26.1960",14722.8792227943
"Week27.1960",21332.6537270589
"Week28.1960",37553.3181948668
"Week29.1960",66405.2533571076
"Week30.1960",104740.103339766
"Week31.1960",143284.603714156
"Week32.1960",172421.053609019
"Week33.1960",188446.286223972
"Week34.1960",194742.630924803
"Week35.1960",195732.087407374
"Week36.1960",194499.133538755
"Week37.1960",192451.645204909
"Week38.1960",189283.227762927
"Week39.1960",186519.432739819
"Week40.1960",183489.305090964
"Week41.1960",180316.754401014
"Week42.1960",176490.809953472
"Week43.1960",172605.956715465
"Week44.1960",168703.6270596
"Week45.1960",164242.277648022
"Week46.1960",158654.357870144
"Week47.1960",152493.635763277
"Week48.1960",145352.126337651
"Week49.1960",137850.683141877
"Week50.1960",129049.123241098
"Week51.1960",121328.89825286
"Week52.1960",113589.184741413
"Week1.1961",106387.146445358
"Week2.1961",98889.3219127728
"Week3.1961",91820.9940406262
"Week4.1961",85078.4064797727
"Week5.1961",79092.0383739059
"Week6.1961",72730.6108076956
"Week7.1961",66712.8113428
"Week8.1961",61057.9482704109
"Week9.1961",56957.2124185234
"Week10.1961",52564.5635702218
"Week11.1961",48123.7387990803
"Week12.1961",44192.280792821
"Week13.1961",39883.8342016337
"Week14.1961",35990.429656309
"Week15.1961",32586.8724182723
"Week16.1961",29265.4454095432
"Week17.1961",26493.0327544621
"Week18.1961",24020.1922480537
"Week19.1961",21929.5122048337
"Week20.1961",19795.418676748
"Week21.1961",18004.0945077119
"Week22.1961",16595.3734390626
"Week23.1961",15031.1857343408
"Week24.1961",13874.9001298341
"Week25.1961",13269.7452015612
"Week26.1961",14722.8792227943
"Week27.1961",21332.6537270589
"Week28.1961",37553.3181948668
"Week29.1961",66405.2533571076
"Week30.1961",104740.103339766
"Week31.1961",143284.603714156
"Week32.1961",172421.053609019
"Week33.1961",188446.286223972
"Week34.1961",194742.630924803
"Week35.1961",195732.087407374
"Week36.1961",194499.133538755
"Week37.1961",192451.645204909
"Week38.1961",189283.227762927
"Week39.1961",186519.432739819
"Week40.1961",183489.305090964
"Week41.1961",180316.754401014
"Week42.1961",176490.809953472
"Week43.1961",172605.956715465
"Week44.1961",168703.6270596
"Week45.1961",164242.277648022
"Week46.1961",158654.357870144
"Week47.1961",152493.635763277
"Week48.1961",145352.126337651
"Week49.1961",137850.683141877
"Week50.1961",129049.123241098
"Week51.1961",121328.89825286
"Week52.1961",113589.184741413
"Week1.1962",106387.146445358
"Week2.1962",98889.3219127728
"Week3.1962",91820.9940406262
"Week4.1962",85078.4064797727
"Week5.1962",79092.0383739059
"Week6.1962",72730.6108076956
"Week7.1962",66712.8113428
"Week8.1962",61057.9482704109
"Week9.1962",56957.2124185234
"Week10.1962",52564.5635702218
"Week11.1962",48123.7387990803
"Week12.1962",44192.280792821
"Week13.1962",39883.8342016337
"Week14.1962",35990.429656309
"Week15.1962",32586.8724182723
"Week16.1962",29265.4454095432
"Week17.1962",26493.0327544621
"Week18.1962",24020.1922480537
"Week19.1962",21929.5122048337
"Week20.1962",19795.418676748
"Week21.1962",18004.0945077119
"Week22.1962",16595.3734390626
"Week23.1962",15031.1857343408
"Week24.1962",13874.9001298341
"Week25.1962",13269.7452015612
"Week26.1962",14722.8792227943
"Week27.1962",21332.6537270589
"Week28.1962",37553.3181948668
"Week29.1962",66405.2533571076
"Week30.1962",104740.103339766
"Week31.1962",143284.603714156
"Week32.1962",172421.053609019
"Week33.1962",188446.286223972
"Week34.1962",194742.630924803
"Week35.1962",195732.087407374
"Week36.1962",194499.133538755
"Week37.1962",192451.645204909
"Week38.1962",189283.227762927
"Week39.1962",186519.432739819
"Week40.1962",183489.305090964
"Week41.1962",180316.754401014
"Week42.1962",176490.809953472
"Week43.1962",172605.956715465
"Week44.1962",168703.6270596
"Week45.1962",164242.277648022
"Week46.1962",158654.357870144
"Week47.1962",152493.635763277
"Week48.1962",145352.126337651
"Week49.1962",137850.683141877
"Week50.1962",129049.123241098
"Week51.1962",121328.89825286
"Week52.1962",113589.184741413
"Week1.1963",106387.146445358
"Week2.1963",98889.3219127728
"Week3.1963",91820.9940406262
"Week4.1963",85078.4064797727
"Week5.1963",79092.0383739059
"Week6.1963",72730.6108076956
"Week7.1963",66712.8113428
"Week8.1963",61057.9482704109
"Week9.1963",56957.2124185234
"Week10.1963",52564.5635702218
"Week11.1963",48123.7387990803
"Week12.1963",44192.280792821
"Week13.1963",39883.8342016337
"Week14.1963",35990.429656309
"Week15.1963",32586.8724182723
"Week16.1963",29265.4454095432
"Week17.1963",26493.0327544621
"Week18.1963",24020.1922480537
"Week19.1963",21929.5122048337
"Week20.1963",19795.418676748
"Week21.1963",18004.0945077119
"Week22.1963",16595.3734390626
"Week23.1963",15031.1857343408
"Week24.1963",13874.9001298341
"Week25.1963",13269.7452015612
"Week26.1963",14722.8792227943
"Week27.1963",21332.6537270589
"Week28.1963",37553.3181948668
"Week29.1963",66405.2533571076
"Week30.1963",104740.103339766
"Week31.1963",143284.603714156
"Week32.1963",172421.053609019
"Week33.1963",188446.286223972
"Week34.1963",194742.630924803
"Week35.1963",195732.087407374
"Week36.1963",194499.133538755
"Week37.1963",192451.645204909
"Week38.1963",189283.227762927
"Week39.1963",186519.432739819
"Week40.1963",183489.305090964
"Week41.1963",180316.754401014
"Week42.1963",176490.809953472
"Week43.1963",172605.956715465
"Week44.1963",168703.6270596
"Week45.1963",164242.277648022
"Week46.1963",158654.357870144
"Week47.1963",152493.635763277
"Week48.1963",145352.126337651
"Week49.1963",137850.683141877
"Week50.1963",129049.123241098
"Week51.1963",121328.89825286
"Week52.1963",113589.184741413
"Week1.1964",106387.146445358
"Week2.1964",98889.3219127728
"Week3.1964",91820.9940406262
"Week4.1964",85078.4064797727
"Week5.1964",79092.0383739059
"Week6.1964",72730.6108076956
"Week7.1964",66712.8113428
"Week8.1964",61057.9482704109
"Week9.1964",56957.2124185234
"Week10.1964",52564.5635702218
"Week11.1964",48123.7387990803
"Week12.1964",44192.280792821
"Week13.1964",39883.8342016337
"Week14.1964",35990.429656309
"Week15.1964",32586.8724182723
"Week16.1964",29265.4454095432
"Week17.1964",26493.0327544621
"Week18.1964",24020.1922480537
"Week19.1964",21929.5122048337
"Week20.1964",19795.418676748
"Week21.1964",18004.0945077119
"Week22.1964",16595.3734390626
"Week23.1964",15031.1857343408
"Week24.1964",13874.9001298341
"Week25.1964",13269.7452015612
"Week26.1964",14722.8792227943
"Week27.1964",21332.6537270589
"Week28.1964",37553.3181948668
"Week29.1964",66405.2533571076
"Week30.1964",104740.103339766
"Week31.1964",143284.603714156
"Week32.1964",172421.053609019
"Week33.1964",188446.286223972
"Week34.1964",194742.630924803
"Week35.1964",195732.087407374
"Week36.1964",194499.133538755
"Week37.1964",192451.645204909
"Week38.1964",189283.227762927
"Week39.1964",186519.432739819
"Week40.1964",183489.305090964
"Week41.1964",180316.754401014
"Week42.1964",176490.809953472
"Week43.1964",172605.956715465
"Week44.1964",168703.6270596
"Week45.1964",164242.277648022
"Week46.1964",158654.357870144
"Week47.1964",152493.635763277
"Week48.1964",145352.126337651
"Week49.1964",137850.683141877
"Week50.1964",129049.123241098
"Week51.1964",121328.89825286
"Week52.1964",113589.184741413
"Week1.1965",106387.146445358
"Week2.1965",98889.3219127728
"Week3.1965",91820.9940406262
"Week4.1965",85078.4064797727
"Week5.1965",79092.0383739059
"Week6.1965",72730.6108076956
"Week7.1965",66712.8113428
"Week8.1965",61057.9482704109
"Week9.1965",56957.2124185234
"Week10.1965",52564.5635702218
"Week11.1965",48123.7387990803
"Week12.1965",44192.280792821
"Week13.1965",39883.8342016337
"Week14.1965",35990.429656309
"Week15.1965",32586.8724182723
"Week16.1965",29265.4454095432
"Week17.1965",26493.0327544621
"Week18.1965",24020.1922480537
"Week19.1965",21929.5122048337
"Week20.1965",19795.418676748
"Week21.1965",18004.0945077119
"Week22.1965",16595.3734390626
"Week23.1965",15031.1857343408
"Week24.1965",13874.9001298341
"Week25.1965",13269.7452015612
"Week26.1965",14722.8792227943
"Week27.1965",21332.6537270589
"Week28.1965",37553.3181948668
"Week29.1965",66405.2533571076
"Week30.1965",104740.103339766
"Week31.1965",143284.603714156
"Week32.1965",172421.053609019
"Week33.1965",188446.286223972
"Week34.1965",194742.630924803
"Week35.1965",195732.087407374
"Week36.1965",194499.133538755
"Week37.1965",192451.645204909
"Week38.1965",189283.227762927
"Week39.1965",186519.432739819
"Week40.1965",183489.305090964
"Week41.1965",180316.754401014
"Week42.1965",176490.809953472
"Week43.1965",172605.956715465
"Week44.1965",168703.6270596
"Week45.1965",164242.277648022
"Week46.1965",158654.357870144
"Week47.1965",152493.635763277
"Week48.1965",145352.126337651
"Week49.1965",137850.683141877
"Week50.1965",129049.123241098
"Week51.1965",121328.89825286
"Week52.1965",113589.184741413
"Week1.1966",106387.146445358
"Week2.1966",98889.3219127728
"Week3.1966",91820.9940406262
"Week4.1966",85078.4064797727
"Week5.1966",79092.0383739059
"Week6.1966",72730.6108076956
"Week7.1966",66712.8113428
"Week8.1966",61057.9482704109
"Week9.1966",56957.2124185234
"Week10.1966",52564.5635702218
"Week11.1966",48123.7387990803
"Week12.1966",44192.280792821
"Week13.1966",39883.8342016337
"Week14.1966",35990.429656309
"Week15.1966",32586.8724182723
"Week16.1966",29265.4454095432
"Week17.1966",26493.0327544621
"Week18.1966",24020.1922480537
"Week19.1966",21929.5122048337
"Week20.1966",19795.418676748
"Week21.1966",18004.0945077119
"Week22.1966",16595.3734390626
"Week23.1966",15031.1857343408
"Week24.1966",13874.9001298341
"Week25.1966",13269.7452015612
"Week26.1966",14722.8792227943
"Week27.1966",21332.6537270589
"Week28.1966",37553.3181948668
"Week29.1966",66405.2533571076
"Week30.1966",104740.103339766
"Week31.1966",143284.603714156
"Week32.1966",172421.053609019
"Week33.1966",188446.286223972
"Week34.1966",194742.630924803
"Week35.1966",195732.087407374
"Week36.1966",194499.133538755
"Week37.1966",192451.645204909
"Week38.1966",189283.227762927
"Week39.1966",186519.432739819
"Week40.1966",183489.305090964
"Week41.1966",180316.754401014
"Week42.1966",176490.809953472
"Week43.1966",172605.956715465
"Week44.1966",168703.6270596
"Week45.1966",164242.277648022
"Week46.1966",158654.357870144
"Week47.1966",152493.635763277
"Week48.1966",145352.126337651
"Week49.1966",137850.683141877
"Week50.1966",129049.123241098
"Week51.1966",121328.89825286
"Week52.1966",113589.184741413
"Week1.1967",106387.146445358
"Week2.1967",98889.3219127728
"Week3.1967",91820.9940406262
"Week4.1967",85078.4064797727
"Week5.1967",79092.0383739059
"Week6.1967",72730.6108076956
"Week7.1967",66712.8113428
"Week8.1967",61057.9482704109
"Week9.1967",56957.2124185234
"Week10.1967",52564.5635702218
"Week11.1967",48123.7387990803
"Week12.1967",44192.280792821
"Week13.1967",39883.8342016337
"Week14.1967",35990.429656309
"Week15.1967",32586.8724182723
"Week16.1967",29265.4454095432
"Week17.1967",26493.0327544621
"Week18.1967",24020.1922480537
"Week19.1967",21929.5122048337
"Week20.1967",19795.418676748
"Week21.1967",18004.0945077119
"Week22.1967",16595.3734390626
"Week23.1967",15031.1857343408
"Week24.1967",13874.9001298341
"Week25.1967",13269.7452015612
"Week26.1967",14722.8792227943
"Week27.1967",21332.6537270589
"Week28.1967",37553.3181948668
"Week29.1967",66405.2533571076
"Week30.1967",104740.103339766
"Week31.1967",143284.603714156
"Week32.1967",172421.053609019
"Week33.1967",188446.286223972
"Week34.1967",194742.630924803
"Week35.1967",195732.087407374
"Week36.1967",194499.133538755
"Week37.1967",192451.645204909
"Week38.1967",189283.227762927
"Week39.1967",186519.432739819
"Week40.1967",183489.305090964
"Week41.1967",180316.754401014
"Week42.1967",176490.809953472
"Week43.1967",172605.956715465
"Week44.1967",168703.6270596
"Week45.1967",164242.277648022
"Week46.1967",158654.357870144
"Week47.1967",152493.635763277
"Week48.1967",145352.126337651
"Week49.1967",137850.683141877
"Week50.1967",129049.123241098
"Week51.1967",121328.89825286
"Week52.1967",113589.184741413
"Week1.1968",106387.146445358
"Week2.1968",98889.3219127728
"Week3.1968",91820.9940406262
"Week4.1968",85078.4064797727
"Week5.1968",79092.0383739059
"Week6.1968",72730.6108076956
"Week7.1968",66712.8113428
"Week8.1968",61057.9482704109
"Week9.1968",56957.2124185234
"Week10.1968",52564.5635702218
"Week11.1968",48123.7387990803
"Week12.1968",44192.280792821
"Week13.1968",39883.8342016337
"Week14.1968",35990.429656309
"Week15.1968",32586.8724182723
"Week16.1968",29265.4454095432
"Week17.1968",26493.0327544621
"Week18.1968",24020.1922480537
"Week19.1968",21929.5122048337
"Week20.1968",19795.418676748
"Week21.1968",18004.0945077119
"Week22.1968",16595.3734390626
"Week23.1968",15031.1857343408
"Week24.1968",13874.9001298341
"Week25.1968",13269.7452015612
"Week26.1968",14722.8792227943
"Week27.1968",21332.6537270589
"Week28.1968",37553.3181948668
"Week29.1968",66405.2533571076
"Week30.1968",104740.103339766
"Week31.1968",143284.603714156
"Week32.1968",172421.053609019
"Week33.1968",188446.286223972
"Week34.1968",194742.630924803
"Week35.1968",195732.087407374
"Week36.1968",194499.133538755
"Week37.1968",192451.645204909
"Week38.1968",189283.227762927
"Week39.1968",186519.432739819
"Week40.1968",183489.305090964
"Week41.1968",180316.754401014
"Week42.1968",176490.809953472
"Week43.1968",172605.956715465
"Week44.1968",168703.6270596
"Week45.1968",164242.277648022
"Week46.1968",158654.357870144
"Week47.1968",152493.635763277
"Week48.1968",145352.126337651
"Week49.1968",137850.683141877
"Week50.1968",129049.123241098
"Week51.1968",121328.89825286
"Week52.1968",113589.184741413
"Week1.1969",106387.146445358
"Week2.1969",98889.3219127728
"Week3.1969",91820.9940406262
"Week4.1969",85078.4064797727
"Week5.1969",79092.0383739059
"Week6.1969",72730.6108076956
"Week7.1969",66712.8113428
"Week8.1969",61057.9482704109
"Week9.1969",56957.2124185234
"Week10.1969",52564.5635702218
"Week11.1969",48123.7387990803
"Week12.1969",44192.280792821
"Week13.1969",39883.8342016337
"Week14.1969",35990.429656309
"Week15.1969",32586.8724182723
"Week16.1969",29265.4454095432
"Week17.1969",26493.0327544621
"Week18.1969",24020.1922480537
"Week19.1969",21929.5122048337
"Week20.1969",19795.418676748
"Week21.1969",18004.0945077119
"Week22.1969",16595.3734390626
"Week23.1969",15031.1857343408
"Week24.1969",13874.9001298341
"Week25.1969",13269.7452015612
"Week26.1969",14722.8792227943
"Week27.1969",21332.6537270589
"Week28.1969",37553.3181948668
"Week29.1969",66405.2533571076
"Week30.1969",104740.103339766
"Week31.1969",143284.603714156
"Week32.1969",172421.053609019
"Week33.1969",188446.286223972
"Week34.1969",194742.630924803
"Week35.1969",195732.087407374
"Week36.1969",194499.133538755
"Week37.1969",192451.645204909
"Week38.1969",189283.227762927
"Week39.1969",186519.432739819
"Week40.1969",183489.305090964
"Week41.1969",180316.754401014
"Week42.1969",176490.809953472
"Week43.1969",172605.956715465
"Week44.1969",168703.6270596
"Week45.1969",164242.277648022
"Week46.1969",158654.357870144
"Week47.1969",152493.635763277
"Week48.1969",145352.126337651
"Week49.1969",137850.683141877
"Week50.1969",129049.123241098
"Week51.1969",121328.89825286
"Week52.1969",113589.184741413
"Week1.1970",106387.146445358
"Week2.1970",98889.3219127728
"Week3.1970",91820.9940406262
"Week4.1970",85078.4064797727
"Week5.1970",79092.0383739059
"Week6.1970",72730.6108076956
"Week7.1970",66712.8113428
"Week8.1970",61057.9482704109
"Week9.1970",56957.2124185234
"Week10.1970",52564.5635702218
"Week11.1970",48123.7387990803
"Week12.1970",44192.280792821
"Week13.1970",39883.8342016337
"Week14.1970",35990.429656309
"Week15.1970",32586.8724182723
"Week16.1970",29265.4454095432
"Week17.1970",26493.0327544621
"Week18.1970",24020.1922480537
"Week19.1970",21929.5122048337
"Week20.1970",19795.418676748
"Week21.1970",18004.0945077119
"Week22.1970",16595.3734390626
"Week23.1970",15031.1857343408
"Week24.1970",13874.9001298341
"Week25.1970",13269.7452015612
"Week26.1970",14722.8792227943
"Week27.1970",21332.6537270589
"Week28.1970",37553.3181948668
"Week29.1970",66405.2533571076
"Week30.1970",104740.103339766
"Week31.1970",143284.603714156
"Week32.1970",172421.053609019
"Week33.1970",188446.286223972
"Week34.1970",194742.630924803
"Week35.1970",195732.087407374
"Week36.1970",194499.133538755
"Week37.1970",192451.645204909
"Week38.1970",189283.227762927
"Week39.1970",186519.432739819
"Week40.1970",183489.305090964
"Week41.1970",180316.754401014
"Week42.1970",176490.809953472
"Week43.1970",172605.956715465
"Week44.1970",168703.6270596
"Week45.1970",164242.277648022
"Week46.1970",158654.357870144
"Week47.1970",152493.635763277
"Week48.1970",145352.126337651
"Week49.1970",137850.683141877
"Week50.1970",129049.123241098
"Week51.1970",121328.89825286
"Week52.1970",113589.184741413
"Week1.1971",106387.146445358
"Week2.1971",98889.3219127728
"Week3.1971",91820.9940406262
"Week4.1971",85078.4064797727
"Week5.1971",79092.0383739059
"Week6.1971",72730.6108076956
"Week7.1971",66712.8113428
"Week8.1971",61057.9482704109
"Week9.1971",56957.2124185234
"Week10.1971",52564.5635702218
"Week11.1971",48123.7387990803
"Week12.1971",44192.280792821
"Week13.1971",39883.8342016337
"Week14.1971",35990.429656309
"Week15.1971",32586.8724182723
"Week16.1971",29265.4454095432
"Week17.1971",26493.0327544621
"Week18.1971",24020.1922480537
"Week19.1971",21929.5122048337
"Week20.1971",19795.418676748
"Week21.1971",18004.0945077119
"Week22.1971",16595.3734390626
"Week23.1971",15031.1857343408
"Week24.1971",13874.9001298341
"Week25.1971",13269.7452015612
"Week26.1971",14722.8792227943
"Week27.1971",21332.6537270589
"Week28.1971",37553.3181948668
"Week29.1971",66405.2533571076
"Week30.1971",104740.103339766
"Week31.1971",143284.603714156
"Week32.1971",172421.053609019
"Week33.1971",188446.286223972
"Week34.1971",194742.630924803
"Week35.1971",195732.087407374
"Week36.1971",194499.133538755
"Week37.1971",192451.645204909
"Week38.1971",189283.227762927
"Week39.1971",186519.432739819
"Week40.1971",183489.305090964
"Week41.1971",180316.754401014
"Week42.1971",176490.809953472
"Week43.1971",172605.956715465
"Week44.1971",168703.6270596
"Week45.1971",164242.277648022
"Week46.1971",158654.357870144
"Week47.1971",152493.635763277
"Week48.1971",145352.126337651
"Week49.1971",137850.683141877
"Week50.1971",129049.123241098
"Week51.1971",121328.89825286
"Week52.1971",113589.184741413
"Week1.1972",106387.146445358
"Week2.1972",98889.3219127728
"Week3.1972",91820.9940406262
"Week4.1972",85078.4064797727
"Week5.1972",79092.0383739059
"Week6.1972",72730.6108076956
"Week7.1972",66712.8113428
"Week8.1972",61057.9482704109
"Week9.1972",56957.2124185234
"Week10.1972",52564.5635702218
"Week11.1972",48123.7387990803
"Week12.1972",44192.280792821
"Week13.1972",39883.8342016337
"Week14.1972",35990.429656309
"Week15.1972",32586.8724182723
"Week16.1972",29265.4454095432
"Week17.1972",26493.0327544621
"Week18.1972",24020.1922480537
"Week19.1972",21929.5122048337
"Week20.1972",19795.418676748
"Week21.1972",18004.0945077119
"Week22.1972",16595.3734390626
"Week23.1972",15031.1857343408
"Week24.1972",13874.9001298341
"Week25.1972",13269.7452015612
"Week26.1972",14722.8792227943
"Week27.1972",21332.6537270589
"Week28.1972",37553.3181948668
"Week29.1972",66405.2533571076
"Week30.1972",104740.103339766
"Week31.1972",143284.603714156
"Week32.1972",172421.053609019
"Week33.1972",188446.286223972
"Week34.1972",194742.630924803
"Week35.1972",195732.087407374
"Week36.1972",194499.133538755
"Week37.1972",192451.645204909
"Week38.1972",189283.227762927
"Week39.1972",186519.432739819
"Week40.1972",183489.305090964
"Week41.1972",180316.754401014
"Week42.1972",176490.809953472
"Week43.1972",172605.956715465
"Week44.1972",168703.6270596
"Week45.1972",164242.277648022
"Week46.1972",158654.357870144
"Week47.1972",152493.635763277
"Week48.1972",145352.126337651
"Week49.1972",137850.683141877
"Week50.1972",129049.123241098
"Week51.1972",121328.89825286
"Week52.1972",113589.184741413
"Week1.1973",106387.146445358
"Week2.1973",98889.3219127728
"Week3.1973",91820.9940406262
"Week4.1973",85078.4064797727
"Week5.1973",79092.0383739059
"Week6.1973",72730.6108076956
"Week7.1973",66712.8113428
"Week8.1973",61057.9482704109
"Week9.1973",56957.2124185234
"Week10.1973",52564.5635702218
"Week11.1973",48123.7387990803
"Week12.1973",44192.280792821
"Week13.1973",39883.8342016337
"Week14.1973",35990.429656309
"Week15.1973",32586.8724182723
"Week16.1973",29265.4454095432
"Week17.1973",26493.0327544621
"Week18.1973",24020.1922480537
"Week19.1973",21929.5122048337
"Week20.1973",19795.418676748
"Week21.1973",18004.0945077119
"Week22.1973",16595.3734390626
"Week23.1973",15031.1857343408
"Week24.1973",13874.9001298341
"Week25.1973",13269.7452015612
"Week26.1973",14722.8792227943
"Week27.1973",21332.6537270589
"Week28.1973",37553.3181948668
"Week29.1973",66405.2533571076
"Week30.1973",104740.103339766
"Week31.1973",143284.603714156
"Week32.1973",172421.053609019
"Week33.1973",188446.286223972
"Week34.1973",194742.630924803
"Week35.1973",195732.087407374
"Week36.1973",194499.133538755
"Week37.1973",192451.645204909
"Week38.1973",189283.227762927
"Week39.1973",186519.432739819
"Week40.1973",183489.305090964
"Week41.1973",180316.754401014
"Week42.1973",176490.809953472
"Week43.1973",172605.956715465
"Week44.1973",168703.6270596
"Week45.1973",164242.277648022
"Week46.1973",158654.357870144
"Week47.1973",152493.635763277
"Week48.1973",145352.126337651
"Week49.1973",137850.683141877
"Week50.1973",129049.123241098
"Week51.1973",121328.89825286
"Week52.1973",113589.184741413
"Week1.1974",106387.146445358
"Week2.1974",98889.3219127728
"Week3.1974",91820.9940406262
"Week4.1974",85078.4064797727
"Week5.1974",79092.0383739059
"Week6.1974",72730.6108076956
"Week7.1974",66712.8113428
"Week8.1974",61057.9482704109
"Week9.1974",56957.2124185234
"Week10.1974",52564.5635702218
"Week11.1974",48123.7387990803
"Week12.1974",44192.280792821
"Week13.1974",39883.8342016337
"Week14.1974",35990.429656309
"Week15.1974",32586.8724182723
"Week16.1974",29265.4454095432
"Week17.1974",26493.0327544621
"Week18.1974",24020.1922480537
"Week19.1974",21929.5122048337
"Week20.1974",19795.418676748
"Week21.1974",18004.0945077119
"Week22.1974",16595.3734390626
"Week23.1974",15031.1857343408
"Week24.1974",13874.9001298341
"Week25.1974",13269.7452015612
"Week26.1974",14722.8792227943
"Week27.1974",21332.6537270589
"Week28.1974",37553.3181948668
"Week29.1974",66405.2533571076
"Week30.1974",104740.103339766
"Week31.1974",143284.603714156
"Week32.1974",172421.053609019
"Week33.1974",188446.286223972
"Week34.1974",194742.630924803
"Week35.1974",195732.087407374
"Week36.1974",194499.133538755
"Week37.1974",192451.645204909
"Week38.1974",189283.227762927
"Week39.1974",186519.432739819
"Week40.1974",183489.305090964
"Week41.1974",180316.754401014
"Week42.1974",176490.809953472
"Week43.1974",172605.956715465
"Week44.1974",168703.6270596
"Week45.1974",164242.277648022
"Week46.1974",158654.357870144
"Week47.1974",152493.635763277
"Week48.1974",145352.126337651
"Week49.1974",137850.683141877
"Week50.1974",129049.123241098
"Week51.1974",121328.89825286
"Week52.1974",113589.184741413
"Week1.1975",106387.146445358
"Week2.1975",98889.3219127728
"Week3.1975",91820.9940406262
"Week4.1975",85078.4064797727
"Week5.1975",79092.0383739059
"Week6.1975",72730.6108076956
"Week7.1975",66712.8113428
"Week8.1975",61057.9482704109
"Week9.1975",56957.2124185234
"Week10.1975",52564.5635702218
"Week11.1975",48123.7387990803
"Week12.1975",44192.280792821
"Week13.1975",39883.8342016337
"Week14.1975",35990.429656309
"Week15.1975",32586.8724182723
"Week16.1975",29265.4454095432
"Week17.1975",26493.0327544621
"Week18.1975",24020.1922480537
"Week19.1975",21929.5122048337
"Week20.1975",19795.418676748
"Week21.1975",18004.0945077119
"Week22.1975",16595.3734390626
"Week23.1975",15031.1857343408
"Week24.1975",13874.9001298341
"Week25.1975",13269.7452015612
"Week26.1975",14722.8792227943
"Week27.1975",21332.6537270589
"Week28.1975",37553.3181948668
"Week29.1975",66405.2533571076
"Week30.1975",104740.103339766
"Week31.1975",143284.603714156
"Week32.1975",172421.053609019
"Week33.1975",188446.286223972
"Week34.1975",194742.630924803
"Week35.1975",195732.087407374
"Week36.1975",194499.133538755
"Week37.1975",192451.645204909
"Week38.1975",189283.227762927
"Week39.1975",186519.432739819
"Week40.1975",183489.305090964
"Week41.1975",180316.754401014
"Week42.1975",176490.809953472
"Week43.1975",172605.956715465
"Week44.1975",168703.6270596
"Week45.1975",164242.277648022
"Week46.1975",158654.357870144
"Week47.1975",152493.635763277
"Week48.1975",145352.126337651
"Week49.1975",137850.683141877
"Week50.1975",129049.123241098
"Week51.1975",121328.89825286
"Week52.1975",113589.184741413
"Week1.1976",106387.146445358
"Week2.1976",98889.3219127728
"Week3.1976",91820.9940406262
"Week4.1976",85078.4064797727
"Week5.1976",79092.0383739059
"Week6.1976",72730.6108076956
"Week7.1976",66712.8113428
"Week8.1976",61057.9482704109
"Week9.1976",56957.2124185234
"Week10.1976",52564.5635702218
"Week11.1976",48123.7387990803
"Week12.1976",44192.280792821
"Week13.1976",39883.8342016337
"Week14.1976",35990.429656309
"Week15.1976",32586.8724182723
"Week16.1976",29265.4454095432
"Week17.1976",26493.0327544621
"Week18.1976",24020.1922480537
"Week19.1976",21929.5122048337
"Week20.1976",19795.418676748
"Week21.1976",18004.0945077119
"Week22.1976",16595.3734390626
"Week23.1976",15031.1857343408
"Week24.1976",13874.9001298341
"Week25.1976",13269.7452015612
"Week26.1976",14722.8792227943
"Week27.1976",21332.6537270589
"Week28.1976",37553.3181948668
"Week29.1976",66405.2533571076
"Week30.1976",104740.103339766
"Week31.1976",143284.603714156
"Week32.1976",172421.053609019
"Week33.1976",188446.286223972
"Week34.1976",194742.630924803
"Week35.1976",195732.087407374
"Week36.1976",194499.133538755
"Week37.1976",192451.645204909
"Week38.1976",189283.227762927
"Week39.1976",186519.432739819
"Week40.1976",183489.305090964
"Week41.1976",180316.754401014
"Week42.1976",176490.809953472
"Week43.1976",172605.956715465
"Week44.1976",168703.6270596
"Week45.1976",164242.277648022
"Week46.1976",158654.357870144
"Week47.1976",152493.635763277
"Week48.1976",145352.126337651
"Week49.1976",137850.683141877
"Week50.1976",129049.123241098
"Week51.1976",121328.89825286
"Week52.1976",113589.184741413
"Week1.1977",106387.146445358
"Week2.1977",98889.3219127728
"Week3.1977",91820.9940406262
"Week4.1977",85078.4064797727
"Week5.1977",79092.0383739059
"Week6.1977",72730.6108076956
"Week7.1977",66712.8113428
"Week8.1977",61057.9482704109
"Week9.1977",56957.2124185234
"Week10.1977",52564.5635702218
"Week11.1977",48123.7387990803
"Week12.1977",44192.280792821
"Week13.1977",39883.8342016337
"Week14.1977",35990.429656309
"Week15.1977",32586.8724182723
"Week16.1977",29265.4454095432
"Week17.1977",26493.0327544621
"Week18.1977",24020.1922480537
"Week19.1977",21929.5122048337
"Week20.1977",19795.418676748
"Week21.1977",18004.0945077119
"Week22.1977",16595.3734390626
"Week23.1977",15031.1857343408
"Week24.1977",13874.9001298341
"Week25.1977",13269.7452015612
"Week26.1977",14722.8792227943
"Week27.1977",21332.6537270589
"Week28.1977",37553.3181948668
"Week29.1977",66405.2533571076
"Week30.1977",104740.103339766
"Week31.1977",143284.603714156
"Week32.1977",172421.053609019
"Week33.1977",188446.286223972
"Week34.1977",194742.630924803
"Week35.1977",195732.087407374
"Week36.1977",194499.133538755
"Week37.1977",192451.645204909
"Week38.1977",189283.227762927
"Week39.1977",186519.432739819
"Week40.1977",183489.305090964
"Week41.1977",180316.754401014
"Week42.1977",176490.809953472
"Week43.1977",172605.956715465
"Week44.1977",168703.6270596
"Week45.1977",164242.277648022
"Week46.1977",158654.357870144
"Week47.1977",152493.635763277
"Week48.1977",145352.126337651
"Week49.1977",137850.683141877
"Week50.1977",129049.123241098
"Week51.1977",121328.89825286
"Week52.1977",113589.184741413
"Week1.1978",106387.146445358
"Week2.1978",98889.3219127728
"Week3.1978",91820.9940406262
"Week4.1978",85078.4064797727
"Week5.1978",79092.0383739059
"Week6.1978",72730.6108076956
"Week7.1978",66712.8113428
"Week8.1978",61057.9482704109
"Week9.1978",56957.2124185234
"Week10.1978",52564.5635702218
"Week11.1978",48123.7387990803
"Week12.1978",44192.280792821
"Week13.1978",39883.8342016337
"Week14.1978",35990.429656309
"Week15.1978",32586.8724182723
"Week16.1978",29265.4454095432
"Week17.1978",26493.0327544621
"Week18.1978",24020.1922480537
"Week19.1978",21929.5122048337
"Week20.1978",19795.418676748
"Week21.1978",18004.0945077119
"Week22.1978",16595.3734390626
"Week23.1978",15031.1857343408
"Week24.1978",13874.9001298341
"Week25.1978",13269.7452015612
"Week26.1978",14722.8792227943
"Week27.1978",21332.6537270589
"Week28.1978",37553.3181948668
"Week29.1978",66405.2533571076
"Week30.1978",104740.103339766
"Week31.1978",143284.603714156
"Week32.1978",172421.053609019
"Week33.1978",188446.286223972
"Week34.1978",194742.630924803
"Week35.1978",195732.087407374
"Week36.1978",194499.133538755
"Week37.1978",192451.645204909
"Week38.1978",189283.227762927
"Week39.1978",186519.432739819
"Week40.1978",183489.305090964
"Week41.1978",180316.754401014
"Week42.1978",176490.809953472
"Week43.1978",172605.956715465
"Week44.1978",168703.6270596
"Week45.1978",164242.277648022
"Week46.1978",158654.357870144
"Week47.1978",152493.635763277
"Week48.1978",145352.126337651
"Week49.1978",137850.683141877
"Week50.1978",129049.123241098
"Week51.1978",121328.89825286
"Week52.1978",113589.184741413
"Week1.1979",106387.146445358
"Week2.1979",98889.3219127728
"Week3.1979",91820.9940406262
"Week4.1979",85078.4064797727
"Week5.1979",79092.0383739059
"Week6.1979",72730.6108076956
"Week7.1979",66712.8113428
"Week8.1979",61057.9482704109
"Week9.1979",56957.2124185234
"Week10.1979",52564.5635702218
"Week11.1979",48123.7387990803
"Week12.1979",44192.280792821
"Week13.1979",39883.8342016337
"Week14.1979",35990.429656309
"Week15.1979",32586.8724182723
"Week16.1979",29265.4454095432
"Week17.1979",26493.0327544621
"Week18.1979",24020.1922480537
"Week19.1979",21929.5122048337
"Week20.1979",19795.418676748
"Week21.1979",18004.0945077119
"Week22.1979",16595.3734390626
"Week23.1979",15031.1857343408
"Week24.1979",13874.9001298341
"Week25.1979",13269.7452015612
"Week26.1979",14722.8792227943
"Week27.1979",21332.6537270589
"Week28.1979",37553.3181948668
"Week29.1979",66405.2533571076
"Week30.1979",104740.103339766
"Week31.1979",143284.603714156
"Week32.1979",172421.053609019
"Week33.1979",188446.286223972
"Week34.1979",194742.630924803
"Week35.1979",195732.087407374
"Week36.1979",194499.133538755
"Week37.1979",192451.645204909
"Week38.1979",189283.227762927
"Week39.1979",186519.432739819
"Week40.1979",183489.305090964
"Week41.1979",180316.754401014
"Week42.1979",176490.809953472
"Week43.1979",172605.956715465
"Week44.1979",168703.6270596
"Week45.1979",164242.277648022
"Week46.1979",158654.357870144
"Week47.1979",152493.635763277
"Week48.1979",145352.126337651
"Week49.1979",137850.683141877
"Week50.1979",129049.123241098
"Week51.1979",121328.89825286
"Week52.1979",113589.184741413
"Week1.1980",106387.146445358
"Week2.1980",98889.3219127728
"Week3.1980",91820.9940406262
"Week4.1980",85078.4064797727
"Week5.1980",79092.0383739059
"Week6.1980",72730.6108076956
"Week7.1980",66712.8113428
"Week8.1980",61057.9482704109
"Week9.1980",56957.2124185234
"Week10.1980",52564.5635702218
"Week11.1980",48123.7387990803
"Week12.1980",44192.280792821
"Week13.1980",39883.8342016337
"Week14.1980",35990.429656309
"Week15.1980",32586.8724182723
"Week16.1980",29265.4454095432
"Week17.1980",26493.0327544621
"Week18.1980",24020.1922480537
"Week19.1980",21929.5122048337
"Week20.1980",19795.418676748
"Week21.1980",18004.0945077119
"Week22.1980",16595.3734390626
"Week23.1980",15031.1857343408
"Week24.1980",13874.9001298341
"Week25.1980",13269.7452015612
"Week26.1980",14722.8792227943
"Week27.1980",21332.6537270589
"Week28.1980",37553.3181948668
"Week29.1980",66405.2533571076
"Week30.1980",104740.103339766
"Week31.1980",143284.603714156
"Week32.1980",172421.053609019
"Week33.1980",188446.286223972
"Week34.1980",194742.630924803
"Week35.1980",195732.087407374
"Week36.1980",194499.133538755
"Week37.1980",192451.645204909
"Week38.1980",189283.227762927
"Week39.1980",186519.432739819
"Week40.1980",183489.305090964
"Week41.1980",180316.754401014
"Week42.1980",176490.809953472
"Week43.1980",172605.956715465
"Week44.1980",168703.6270596
"Week45.1980",164242.277648022
"Week46.1980",158654.357870144
"Week47.1980",152493.635763277
"Week48.1980",145352.126337651
"Week49.1980",137850.683141877
"Week50.1980",129049.123241098
"Week51.1980",121328.89825286
"Week52.1980",113589.184741413
"Week1.1981",106387.146445358
"Week2.1981",98889.3219127728
"Week3.1981",91820.9940406262
"Week4.1981",85078.4064797727
"Week5.1981",79092.0383739059
"Week6.1981",72730.6108076956
"Week7.1981",66712.8113428
"Week8.1981",61057.9482704109
"Week9.1981",56957.2124185234
"Week10.1981",52564.5635702218
"Week11.1981",48123.7387990803
"Week12.1981",44192.280792821
"Week13.1981",39883.8342016337
"Week14.1981",35990.429656309
"Week15.1981",32586.8724182723
"Week16.1981",29265.4454095432
"Week17.1981",26493.0327544621
"Week18.1981",24020.1922480537
"Week19.1981",21929.5122048337
"Week20.1981",19795.418676748
"Week21.1981",18004.0945077119
"Week22.1981",16595.3734390626
"Week23.1981",15031.1857343408
"Week24.1981",13874.9001298341
"Week25.1981",13269.7452015612
"Week26.1981",14722.8792227943
"Week27.1981",21332.6537270589
"Week28.1981",37553.3181948668
"Week29.1981",66405.2533571076
"Week30.1981",104740.103339766
"Week31.1981",143284.603714156
"Week32.1981",172421.053609019
"Week33.1981",188446.286223972
"Week34.1981",194742.630924803
"Week35.1981",195732.087407374
"Week36.1981",194499.133538755
"Week37.1981",192451.645204909
"Week38.1981",189283.227762927
"Week39.1981",186519.432739819
"Week40.1981",183489.305090964
"Week41.1981",180316.754401014
"Week42.1981",176490.809953472
"Week43.1981",172605.956715465
"Week44.1981",168703.6270596
"Week45.1981",164242.277648022
"Week46.1981",158654.357870144
"Week47.1981",152493.635763277
"Week48.1981",145352.126337651
"Week49.1981",137850.683141877
"Week50.1981",129049.123241098
"Week51.1981",121328.89825286
"Week52.1981",113589.184741413
"Week1.1982",106387.146445358
"Week2.1982",98889.3219127728
"Week3.1982",91820.9940406262
"Week4.1982",85078.4064797727
"Week5.1982",79092.0383739059
"Week6.1982",72730.6108076956
"Week7.1982",66712.8113428
"Week8.1982",61057.9482704109
"Week9.1982",56957.2124185234
"Week10.1982",52564.5635702218
"Week11.1982",48123.7387990803
"Week12.1982",44192.280792821
"Week13.1982",39883.8342016337
"Week14.1982",35990.429656309
"Week15.1982",32586.8724182723
"Week16.1982",29265.4454095432
"Week17.1982",26493.0327544621
"Week18.1982",24020.1922480537
"Week19.1982",21929.5122048337
"Week20.1982",19795.418676748
"Week21.1982",18004.0945077119
"Week22.1982",16595.3734390626
"Week23.1982",15031.1857343408
"Week24.1982",13874.9001298341
"Week25.1982",13269.7452015612
"Week26.1982",14722.8792227943
"Week27.1982",21332.6537270589
"Week28.1982",37553.3181948668
"Week29.1982",66405.2533571076
"Week30.1982",104740.103339766
"Week31.1982",143284.603714156
"Week32.1982",172421.053609019
"Week33.1982",188446.286223972
"Week34.1982",194742.630924803
"Week35.1982",195732.087407374
"Week36.1982",194499.133538755
"Week37.1982",192451.645204909
"Week38.1982",189283.227762927
"Week39.1982",186519.432739819
"Week40.1982",183489.305090964
"Week41.1982",180316.754401014
"Week42.1982",176490.809953472
"Week43.1982",172605.956715465
"Week44.1982",168703.6270596
"Week45.1982",164242.277648022
"Week46.1982",158654.357870144
"Week47.1982",152493.635763277
"Week48.1982",145352.126337651
"Week49.1982",137850.683141877
"Week50.1982",129049.123241098
"Week51.1982",121328.89825286
"Week52.1982",113589.184741413
"Week1.1983",106387.146445358
"Week2.1983",98889.3219127728
"Week3.1983",91820.9940406262
"Week4.1983",85078.4064797727
"Week5.1983",79092.0383739059
"Week6.1983",72730.6108076956
"Week7.1983",66712.8113428
"Week8.1983",61057.9482704109
"Week9.1983",56957.2124185234
"Week10.1983",52564.5635702218
"Week11.1983",48123.7387990803
"Week12.1983",44192.280792821
"Week13.1983",39883.8342016337
"Week14.1983",35990.429656309
"Week15.1983",32586.8724182723
"Week16.1983",29265.4454095432
"Week17.1983",26493.0327544621
"Week18.1983",24020.1922480537
"Week19.1983",21929.5122048337
"Week20.1983",19795.418676748
"Week21.1983",18004.0945077119
"Week22.1983",16595.3734390626
"Week23.1983",15031.1857343408
"Week24.1983",13874.9001298341
"Week25.1983",13269.7452015612
"Week26.1983",14722.8792227943
"Week27.1983",21332.6537270589
"Week28.1983",37553.3181948668
"Week29.1983",66405.2533571076
"Week30.1983",104740.103339766
"Week31.1983",143284.603714156
"Week32.1983",172421.053609019
"Week33.1983",188446.286223972
"Week34.1983",194742.630924803
"Week35.1983",195732.087407374
"Week36.1983",194499.133538755
"Week37.1983",192451.645204909
"Week38.1983",189283.227762927
"Week39.1983",186519.432739819
"Week40.1983",183489.305090964
"Week41.1983",180316.754401014
"Week42.1983",176490.809953472
"Week43.1983",172605.956715465
"Week44.1983",168703.6270596
"Week45.1983",164242.277648022
"Week46.1983",158654.357870144
"Week47.1983",152493.635763277
"Week48.1983",145352.126337651
"Week49.1983",137850.683141877
"Week50.1983",129049.123241098
"Week51.1983",121328.89825286
"Week52.1983",113589.184741413
"Week1.1984",106387.146445358
"Week2.1984",98889.3219127728
"Week3.1984",91820.9940406262
"Week4.1984",85078.4064797727
"Week5.1984",79092.0383739059
"Week6.1984",72730.6108076956
"Week7.1984",66712.8113428
"Week8.1984",61057.9482704109
"Week9.1984",56957.2124185234
"Week10.1984",52564.5635702218
"Week11.1984",48123.7387990803
"Week12.1984",44192.280792821
"Week13.1984",39883.8342016337
"Week14.1984",35990.429656309
"Week15.1984",32586.8724182723
"Week16.1984",29265.4454095432
"Week17.1984",26493.0327544621
"Week18.1984",24020.1922480537
"Week19.1984",21929.5122048337
"Week20.1984",19795.418676748
"Week21.1984",18004.0945077119
"Week22.1984",16595.3734390626
"Week23.1984",15031.1857343408
"Week24.1984",13874.9001298341
"Week25.1984",13269.7452015612
"Week26.1984",14722.8792227943
"Week27.1984",21332.6537270589
"Week28.1984",37553.3181948668
"Week29.1984",66405.2533571076
"Week30.1984",104740.103339766
"Week31.1984",143284.603714156
"Week32.1984",172421.053609019
"Week33.1984",188446.286223972
"Week34.1984",194742.630924803
"Week35.1984",195732.087407374
"Week36.1984",194499.133538755
"Week37.1984",192451.645204909
"Week38.1984",189283.227762927
"Week39.1984",186519.432739819
"Week40.1984",183489.305090964
"Week41.1984",180316.754401014
"Week42.1984",176490.809953472
"Week43.1984",172605.956715465
"Week44.1984",168703.6270596
"Week45.1984",164242.277648022
"Week46.1984",158654.357870144
"Week47.1984",152493.635763277
"Week48.1984",145352.126337651
"Week49.1984",137850.683141877
"Week50.1984",129049.123241098
"Week51.1984",121328.89825286
"Week52.1984",113589.184741413
"Week1.1985",106387.146445358
"Week2.1985",98889.3219127728
"Week3.1985",91820.9940406262
"Week4.1985",85078.4064797727
"Week5.1985",79092.0383739059
"Week6.1985",72730.6108076956
"Week7.1985",66712.8113428
"Week8.1985",61057.9482704109
"Week9.1985",56957.2124185234
"Week10.1985",52564.5635702218
"Week11.1985",48123.7387990803
"Week12.1985",44192.280792821
"Week13.1985",39883.8342016337
"Week14.1985",35990.429656309
"Week15.1985",32586.8724182723
"Week16.1985",29265.4454095432
"Week17.1985",26493.0327544621
"Week18.1985",24020.1922480537
"Week19.1985",21929.5122048337
"Week20.1985",19795.418676748
"Week21.1985",18004.0945077119
"Week22.1985",16595.3734390626
"Week23.1985",15031.1857343408
"Week24.1985",13874.9001298341
"Week25.1985",13269.7452015612
"Week26.1985",14722.8792227943
"Week27.1985",21332.6537270589
"Week28.1985",37553.3181948668
"Week29.1985",66405.2533571076
"Week30.1985",104740.103339766
"Week31.1985",143284.603714156
"Week32.1985",172421.053609019
"Week33.1985",188446.286223972
"Week34.1985",194742.630924803
"Week35.1985",195732.087407374
"Week36.1985",194499.133538755
"Week37.1985",192451.645204909
"Week38.1985",189283.227762927
"Week39.1985",186519.432739819
"Week40.1985",183489.305090964
"Week41.1985",180316.754401014
"Week42.1985",176490.809953472
"Week43.1985",172605.956715465
"Week44.1985",168703.6270596
"Week45.1985",164242.277648022
"Week46.1985",158654.357870144
"Week47.1985",152493.635763277
"Week48.1985",145352.126337651
"Week49.1985",137850.683141877
"Week50.1985",129049.123241098
"Week51.1985",121328.89825286
"Week52.1985",113589.184741413
"Week1.1986",106387.146445358
"Week2.1986",98889.3219127728
"Week3.1986",91820.9940406262
"Week4.1986",85078.4064797727
"Week5.1986",79092.0383739059
"Week6.1986",72730.6108076956
"Week7.1986",66712.8113428
"Week8.1986",61057.9482704109
"Week9.1986",56957.2124185234
"Week10.1986",52564.5635702218
"Week11.1986",48123.7387990803
"Week12.1986",44192.280792821
"Week13.1986",39883.8342016337
"Week14.1986",35990.429656309
"Week15.1986",32586.8724182723
"Week16.1986",29265.4454095432
"Week17.1986",26493.0327544621
"Week18.1986",24020.1922480537
"Week19.1986",21929.5122048337
"Week20.1986",19795.418676748
"Week21.1986",18004.0945077119
"Week22.1986",16595.3734390626
"Week23.1986",15031.1857343408
"Week24.1986",13874.9001298341
"Week25.1986",13269.7452015612
"Week26.1986",14722.8792227943
"Week27.1986",21332.6537270589
"Week28.1986",37553.3181948668
"Week29.1986",66405.2533571076
"Week30.1986",104740.103339766
"Week31.1986",143284.603714156
"Week32.1986",172421.053609019
"Week33.1986",188446.286223972
"Week34.1986",194742.630924803
"Week35.1986",195732.087407374
"Week36.1986",194499.133538755
"Week37.1986",192451.645204909
"Week38.1986",189283.227762927
"Week39.1986",186519.432739819
"Week40.1986",183489.305090964
"Week41.1986",180316.754401014
"Week42.1986",176490.809953472
"Week43.1986",172605.956715465
"Week44.1986",168703.6270596
"Week45.1986",164242.277648022
"Week46.1986",158654.357870144
"Week47.1986",152493.635763277
"Week48.1986",145352.126337651
"Week49.1986",137850.683141877
"Week50.1986",129049.123241098
"Week51.1986",121328.89825286
"Week52.1986",113589.184741413
"Week1.1987",106387.146445358
"Week2.1987",98889.3219127728
"Week3.1987",91820.9940406262
"Week4.1987",85078.4064797727
"Week5.1987",79092.0383739059
"Week6.1987",72730.6108076956
"Week7.1987",66712.8113428
"Week8.1987",61057.9482704109
"Week9.1987",56957.2124185234
"Week10.1987",52564.5635702218
"Week11.1987",48123.7387990803
"Week12.1987",44192.280792821
"Week13.1987",39883.8342016337
"Week14.1987",35990.429656309
"Week15.1987",32586.8724182723
"Week16.1987",29265.4454095432
"Week17.1987",26493.0327544621
"Week18.1987",24020.1922480537
"Week19.1987",21929.5122048337
"Week20.1987",19795.418676748
"Week21.1987",18004.0945077119
"Week22.1987",16595.3734390626
"Week23.1987",15031.1857343408
"Week24.1987",13874.9001298341
"Week25.1987",13269.7452015612
"Week26.1987",14722.8792227943
"Week27.1987",21332.6537270589
"Week28.1987",37553.3181948668
"Week29.1987",66405.2533571076
"Week30.1987",104740.103339766
"Week31.1987",143284.603714156
"Week32.1987",172421.053609019
"Week33.1987",188446.286223972
"Week34.1987",194742.630924803
"Week35.1987",195732.087407374
"Week36.1987",194499.133538755
"Week37.1987",192451.645204909
"Week38.1987",189283.227762927
"Week39.1987",186519.432739819
"Week40.1987",183489.305090964
"Week41.1987",180316.754401014
"Week42.1987",176490.809953472
"Week43.1987",172605.956715465
"Week44.1987",168703.6270596
"Week45.1987",164242.277648022
"Week46.1987",158654.357870144
"Week47.1987",152493.635763277
"Week48.1987",145352.126337651
"Week49.1987",137850.683141877
"Week50.1987",129049.123241098
"Week51.1987",121328.89825286
"Week52.1987",113589.184741413
"Week1.1988",106387.146445358
"Week2.1988",98889.3219127728
"Week3.1988",91820.9940406262
"Week4.1988",85078.4064797727
"Week5.1988",79092.0383739059
"Week6.1988",72730.6108076956
"Week7.1988",66712.8113428
"Week8.1988",61057.9482704109
"Week9.1988",56957.2124185234
"Week10.1988",52564.5635702218
"Week11.1988",48123.7387990803
"Week12.1988",44192.280792821
"Week13.1988",39883.8342016337
"Week14.1988",35990.429656309
"Week15.1988",32586.8724182723
"Week16.1988",29265.4454095432
"Week17.1988",26493.0327544621
"Week18.1988",24020.1922480537
"Week19.1988",21929.5122048337
"Week20.1988",19795.418676748
"Week21.1988",18004.0945077119
"Week22.1988",16595.3734390626
"Week23.1988",15031.1857343408
"Week24.1988",13874.9001298341
"Week25.1988",13269.7452015612
"Week26.1988",14722.8792227943
"Week27.1988",21332.6537270589
"Week28.1988",37553.3181948668
"Week29.1988",66405.2533571076
"Week30.1988",104740.103339766
"Week31.1988",143284.603714156
"Week32.1988",172421.053609019
"Week33.1988",188446.286223972
"Week34.1988",194742.630924803
"Week35.1988",195732.087407374
"Week36.1988",194499.133538755
"Week37.1988",192451.645204909
"Week38.1988",189283.227762927
"Week39.1988",186519.432739819
"Week40.1988",183489.305090964
"Week41.1988",180316.754401014
"Week42.1988",176490.809953472
"Week43.1988",172605.956715465
"Week44.1988",168703.6270596
"Week45.1988",164242.277648022
"Week46.1988",158654.357870144
"Week47.1988",152493.635763277
"Week48.1988",145352.126337651
"Week49.1988",137850.683141877
"Week50.1988",129049.123241098
"Week51.1988",121328.89825286
"Week52.1988",113589.184741413
"Week1.1989",106387.146445358
"Week2.1989",98889.3219127728
"Week3.1989",91820.9940406262
"Week4.1989",85078.4064797727
"Week5.1989",79092.0383739059
"Week6.1989",72730.6108076956
"Week7.1989",66712.8113428
"Week8.1989",61057.9482704109
"Week9.1989",56957.2124185234
"Week10.1989",52564.5635702218
"Week11.1989",48123.7387990803
"Week12.1989",44192.280792821
"Week13.1989",39883.8342016337
"Week14.1989",35990.429656309
"Week15.1989",32586.8724182723
"Week16.1989",29265.4454095432
"Week17.1989",26493.0327544621
"Week18.1989",24020.1922480537
"Week19.1989",21929.5122048337
"Week20.1989",19795.418676748
"Week21.1989",18004.0945077119
"Week22.1989",16595.3734390626
"Week23.1989",15031.1857343408
"Week24.1989",13874.9001298341
"Week25.1989",13269.7452015612
"Week26.1989",14722.8792227943
"Week27.1989",21332.6537270589
"Week28.1989",37553.3181948668
"Week29.1989",66405.2533571076
"Week30.1989",104740.103339766
"Week31.1989",143284.603714156
"Week32.1989",172421.053609019
"Week33.1989",188446.286223972
"Week34.1989",194742.630924803
"Week35.1989",195732.087407374
"Week36.1989",194499.133538755
"Week37.1989",192451.645204909
"Week38.1989",189283.227762927
"Week39.1989",186519.432739819
"Week40.1989",183489.305090964
"Week41.1989",180316.754401014
"Week42.1989",176490.809953472
"Week43.1989",172605.956715465
"Week44.1989",168703.6270596
"Week45.1989",164242.277648022
"Week46.1989",158654.357870144
"Week47.1989",152493.635763277
"Week48.1989",145352.126337651
"Week49.1989",137850.683141877
"Week50.1989",129049.123241098
"Week51.1989",121328.89825286
"Week52.1989",113589.184741413
"Week1.1990",106387.146445358
"Week2.1990",98889.3219127728
"Week3.1990",91820.9940406262
"Week4.1990",85078.4064797727
"Week5.1990",79092.0383739059
"Week6.1990",72730.6108076956
"Week7.1990",66712.8113428
"Week8.1990",61057.9482704109
"Week9.1990",56957.2124185234
"Week10.1990",52564.5635702218
"Week11.1990",48123.7387990803
"Week12.1990",44192.280792821
"Week13.1990",39883.8342016337
"Week14.1990",35990.429656309
"Week15.1990",32586.8724182723
"Week16.1990",29265.4454095432
"Week17.1990",26493.0327544621
"Week18.1990",24020.1922480537
"Week19.1990",21929.5122048337
"Week20.1990",19795.418676748
"Week21.1990",18004.0945077119
"Week22.1990",16595.3734390626
"Week23.1990",15031.1857343408
"Week24.1990",13874.9001298341
"Week25.1990",13269.7452015612
"Week26.1990",14722.8792227943
"Week27.1990",21332.6537270589
"Week28.1990",37553.3181948668
"Week29.1990",66405.2533571076
"Week30.1990",104740.103339766
"Week31.1990",143284.603714156
"Week32.1990",172421.053609019
"Week33.1990",188446.286223972
"Week34.1990",194742.630924803
"Week35.1990",195732.087407374
"Week36.1990",194499.133538755
"Week37.1990",192451.645204909
"Week38.1990",189283.227762927
"Week39.1990",186519.432739819
"Week40.1990",183489.305090964
"Week41.1990",180316.754401014
"Week42.1990",176490.809953472
"Week43.1990",172605.956715465
"Week44.1990",168703.6270596
"Week45.1990",164242.277648022
"Week46.1990",158654.357870144
"Week47.1990",152493.635763277
"Week48.1990",145352.126337651
"Week49.1990",137850.683141877
"Week50.1990",129049.123241098
"Week51.1990",121328.89825286
"Week52.1990",113589.184741413
"Week1.1991",106387.146445358
"Week2.1991",98889.3219127728
"Week3.1991",91820.9940406262
"Week4.1991",85078.4064797727
"Week5.1991",79092.0383739059
"Week6.1991",72730.6108076956
"Week7.1991",66712.8113428
"Week8.1991",61057.9482704109
"Week9.1991",56957.2124185234
"Week10.1991",52564.5635702218
"Week11.1991",48123.7387990803
"Week12.1991",44192.280792821
"Week13.1991",39883.8342016337
"Week14.1991",35990.429656309
"Week15.1991",32586.8724182723
"Week16.1991",29265.4454095432
"Week17.1991",26493.0327544621
"Week18.1991",24020.1922480537
"Week19.1991",21929.5122048337
"Week20.1991",19795.418676748
"Week21.1991",18004.0945077119
"Week22.1991",16595.3734390626
"Week23.1991",15031.1857343408
"Week24.1991",13874.9001298341
"Week25.1991",13269.7452015612
"Week26.1991",14722.8792227943
"Week27.1991",21332.6537270589
"Week28.1991",37553.3181948668
"Week29.1991",66405.2533571076
"Week30.1991",104740.103339766
"Week31.1991",143284.603714156
"Week32.1991",172421.053609019
"Week33.1991",188446.286223972
"Week34.1991",194742.630924803
"Week35.1991",195732.087407374
"Week36.1991",194499.133538755
"Week37.1991",192451.645204909
"Week38.1991",189283.227762927
"Week39.1991",186519.432739819
"Week40.1991",183489.305090964
"Week41.1991",180316.754401014
"Week42.1991",176490.809953472
"Week43.1991",172605.956715465
"Week44.1991",168703.6270596
"Week45.1991",164242.277648022
"Week46.1991",158654.357870144
"Week47.1991",152493.635763277
"Week48.1991",145352.126337651
"Week49.1991",137850.683141877
"Week50.1991",129049.123241098
"Week51.1991",121328.89825286
"Week52.1991",113589.184741413
"Week1.1992",106387.146445358
"Week2.1992",98889.3219127728
"Week3.1992",91820.9940406262
"Week4.1992",85078.4064797727
"Week5.1992",79092.0383739059
"Week6.1992",72730.6108076956
"Week7.1992",66712.8113428
"Week8.1992",61057.9482704109
"Week9.1992",56957.2124185234
"Week10.1992",52564.5635702218
"Week11.1992",48123.7387990803
"Week12.1992",44192.280792821
"Week13.1992",39883.8342016337
"Week14.1992",35990.429656309
"Week15.1992",32586.8724182723
"Week16.1992",29265.4454095432
"Week17.1992",26493.0327544621
"Week18.1992",24020.1922480537
"Week19.1992",21929.5122048337
"Week20.1992",19795.418676748
"Week21.1992",18004.0945077119
"Week22.1992",16595.3734390626
"Week23.1992",15031.1857343408
"Week24.1992",13874.9001298341
"Week25.1992",13269.7452015612
"Week26.1992",14722.8792227943
"Week27.1992",21332.6537270589
"Week28.1992",37553.3181948668
"Week29.1992",66405.2533571076
"Week30.1992",104740.103339766
"Week31.1992",143284.603714156
"Week32.1992",172421.053609019
"Week33.1992",188446.286223972
"Week34.1992",194742.630924803
"Week35.1992",195732.087407374
"Week36.1992",194499.133538755
"Week37.1992",192451.645204909
"Week38.1992",189283.227762927
"Week39.1992",186519.432739819
"Week40.1992",183489.305090964
"Week41.1992",180316.754401014
"Week42.1992",176490.809953472
"Week43.1992",172605.956715465
"Week44.1992",168703.6270596
"Week45.1992",164242.277648022
"Week46.1992",158654.357870144
"Week47.1992",152493.635763277
"Week48.1992",145352.126337651
"Week49.1992",137850.683141877
"Week50.1992",129049.123241098
"Week51.1992",121328.89825286
"Week52.1992",113589.184741413
"Week1.1993",106387.146445358
"Week2.1993",98889.3219127728
"Week3.1993",91820.9940406262
"Week4.1993",85078.4064797727
"Week5.1993",79092.0383739059
"Week6.1993",72730.6108076956
"Week7.1993",66712.8113428
"Week8.1993",61057.9482704109
"Week9.1993",56957.2124185234
"Week10.1993",52564.5635702218
"Week11.1993",48123.7387990803
"Week12.1993",44192.280792821
"Week13.1993",39883.8342016337
"Week14.1993",35990.429656309
"Week15.1993",32586.8724182723
"Week16.1993",29265.4454095432
"Week17.1993",26493.0327544621
"Week18.1993",24020.1922480537
"Week19.1993",21929.5122048337
"Week20.1993",19795.418676748
"Week21.1993",18004.0945077119
"Week22.1993",16595.3734390626
"Week23.1993",15031.1857343408
"Week24.1993",13874.9001298341
"Week25.1993",13269.7452015612
"Week26.1993",14722.8792227943
"Week27.1993",21332.6537270589
"Week28.1993",37553.3181948668
"Week29.1993",66405.2533571076
"Week30.1993",104740.103339766
"Week31.1993",143284.603714156
"Week32.1993",172421.053609019
"Week33.1993",188446.286223972
"Week34.1993",194742.630924803
"Week35.1993",195732.087407374
"Week36.1993",194499.133538755
"Week37.1993",192451.645204909
"Week38.1993",189283.227762927
"Week39.1993",186519.432739819
"Week40.1993",183489.305090964
"Week41.1993",180316.754401014
"Week42.1993",176490.809953472
"Week43.1993",172605.956715465
"Week44.1993",168703.6270596
"Week45.1993",164242.277648022
"Week46.1993",158654.357870144
"Week47.1993",152493.635763277
"Week48.1993",145352.126337651
"Week49.1993",137850.683141877
"Week50.1993",129049.123241098
"Week51.1993",121328.89825286
"Week52.1993",113589.184741413
"Week1.1994",106387.146445358
"Week2.1994",98889.3219127728
"Week3.1994",91820.9940406262
"Week4.1994",85078.4064797727
"Week5.1994",79092.0383739059
"Week6.1994",72730.6108076956
"Week7.1994",66712.8113428
"Week8.1994",61057.9482704109
"Week9.1994",56957.2124185234
"Week10.1994",52564.5635702218
"Week11.1994",48123.7387990803
"Week12.1994",44192.280792821
"Week13.1994",39883.8342016337
"Week14.1994",35990.429656309
"Week15.1994",32586.8724182723
"Week16.1994",29265.4454095432
"Week17.1994",26493.0327544621
"Week18.1994",24020.1922480537
"Week19.1994",21929.5122048337
"Week20.1994",19795.418676748
"Week21.1994",18004.0945077119
"Week22.1994",16595.3734390626
"Week23.1994",15031.1857343408
"Week24.1994",13874.9001298341
"Week25.1994",13269.7452015612
"Week26.1994",14722.8792227943
"Week27.1994",21332.6537270589
"Week28.1994",37553.3181948668
"Week29.1994",66405.2533571076
"Week30.1994",104740.103339766
"Week31.1994",143284.603714156
"Week32.1994",172421.053609019
"Week33.1994",188446.286223972
"Week34.1994",194742.630924803
"Week35.1994",195732.087407374
"Week36.1994",194499.133538755
"Week37.1994",192451.645204909
"Week38.1994",189283.227762927
"Week39.1994",186519.432739819
"Week40.1994",183489.305090964
"Week41.1994",180316.754401014
"Week42.1994",176490.809953472
"Week43.1994",172605.956715465
"Week44.1994",168703.6270596
"Week45.1994",164242.277648022
"Week46.1994",158654.357870144
"Week47.1994",152493.635763277
"Week48.1994",145352.126337651
"Week49.1994",137850.683141877
"Week50.1994",129049.123241098
"Week51.1994",121328.89825286
"Week52.1994",113589.184741413
"Week1.1995",106387.146445358
"Week2.1995",98889.3219127728
"Week3.1995",91820.9940406262
"Week4.1995",85078.4064797727
"Week5.1995",79092.0383739059
"Week6.1995",72730.6108076956
"Week7.1995",66712.8113428
"Week8.1995",61057.9482704109
"Week9.1995",56957.2124185234
"Week10.1995",52564.5635702218
"Week11.1995",48123.7387990803
"Week12.1995",44192.280792821
"Week13.1995",39883.8342016337
"Week14.1995",35990.429656309
"Week15.1995",32586.8724182723
"Week16.1995",29265.4454095432
"Week17.1995",26493.0327544621
"Week18.1995",24020.1922480537
"Week19.1995",21929.5122048337
"Week20.1995",19795.418676748
"Week21.1995",18004.0945077119
"Week22.1995",16595.3734390626
"Week23.1995",15031.1857343408
"Week24.1995",13874.9001298341
"Week25.1995",13269.7452015612
"Week26.1995",14722.8792227943
"Week27.1995",21332.6537270589
"Week28.1995",37553.3181948668
"Week29.1995",66405.2533571076
"Week30.1995",104740.103339766
"Week31.1995",143284.603714156
"Week32.1995",172421.053609019
"Week33.1995",188446.286223972
"Week34.1995",194742.630924803
"Week35.1995",195732.087407374
"Week36.1995",194499.133538755
"Week37.1995",192451.645204909
"Week38.1995",189283.227762927
"Week39.1995",186519.432739819
"Week40.1995",183489.305090964
"Week41.1995",180316.754401014
"Week42.1995",176490.809953472
"Week43.1995",172605.956715465
"Week44.1995",168703.6270596
"Week45.1995",164242.277648022
"Week46.1995",158654.357870144
"Week47.1995",152493.635763277
"Week48.1995",145352.126337651
"Week49.1995",137850.683141877
"Week50.1995",129049.123241098
"Week51.1995",121328.89825286
"Week52.1995",113589.184741413
"Week1.1996",106387.146445358
"Week2.1996",98889.3219127728
"Week3.1996",91820.9940406262
"Week4.1996",85078.4064797727
"Week5.1996",79092.0383739059
"Week6.1996",72730.6108076956
"Week7.1996",66712.8113428
"Week8.1996",61057.9482704109
"Week9.1996",56957.2124185234
"Week10.1996",52564.5635702218
"Week11.1996",48123.7387990803
"Week12.1996",44192.280792821
"Week13.1996",39883.8342016337
"Week14.1996",35990.429656309
"Week15.1996",32586.8724182723
"Week16.1996",29265.4454095432
"Week17.1996",26493.0327544621
"Week18.1996",24020.1922480537
"Week19.1996",21929.5122048337
"Week20.1996",19795.418676748
"Week21.1996",18004.0945077119
"Week22.1996",16595.3734390626
"Week23.1996",15031.1857343408
"Week24.1996",13874.9001298341
"Week25.1996",13269.7452015612
"Week26.1996",14722.8792227943
"Week27.1996",21332.6537270589
"Week28.1996",37553.3181948668
"Week29.1996",66405.2533571076
"Week30.1996",104740.103339766
"Week31.1996",143284.603714156
"Week32.1996",172421.053609019
"Week33.1996",188446.286223972
"Week34.1996",194742.630924803
"Week35.1996",195732.087407374
"Week36.1996",194499.133538755
"Week37.1996",192451.645204909
"Week38.1996",189283.227762927
"Week39.1996",186519.432739819
"Week40.1996",183489.305090964
"Week41.1996",180316.754401014
"Week42.1996",176490.809953472
"Week43.1996",172605.956715465
"Week44.1996",168703.6270596
"Week45.1996",164242.277648022
"Week46.1996",158654.357870144
"Week47.1996",152493.635763277
"Week48.1996",145352.126337651
"Week49.1996",137850.683141877
"Week50.1996",129049.123241098
"Week51.1996",121328.89825286
"Week52.1996",113589.184741413
"Week1.1997",106387.146445358
"Week2.1997",98889.3219127728
"Week3.1997",91820.9940406262
"Week4.1997",85078.4064797727
"Week5.1997",79092.0383739059
"Week6.1997",72730.6108076956
"Week7.1997",66712.8113428
"Week8.1997",61057.9482704109
"Week9.1997",56957.2124185234
"Week10.1997",52564.5635702218
"Week11.1997",48123.7387990803
"Week12.1997",44192.280792821
"Week13.1997",39883.8342016337
"Week14.1997",35990.429656309
"Week15.1997",32586.8724182723
"Week16.1997",29265.4454095432
"Week17.1997",26493.0327544621
"Week18.1997",24020.1922480537
"Week19.1997",21929.5122048337
"Week20.1997",19795.418676748
"Week21.1997",18004.0945077119
"Week22.1997",16595.3734390626
"Week23.1997",15031.1857343408
"Week24.1997",13874.9001298341
"Week25.1997",13269.7452015612
"Week26.1997",14722.8792227943
"Week27.1997",21332.6537270589
"Week28.1997",37553.3181948668
"Week29.1997",66405.2533571076
"Week30.1997",104740.103339766
"Week31.1997",143284.603714156
"Week32.1997",172421.053609019
"Week33.1997",188446.286223972
"Week34.1997",194742.630924803
"Week35.1997",195732.087407374
"Week36.1997",194499.133538755
"Week37.1997",192451.645204909
"Week38.1997",189283.227762927
"Week39.1997",186519.432739819
"Week40.1997",183489.305090964
"Week41.1997",180316.754401014
"Week42.1997",176490.809953472
"Week43.1997",172605.956715465
"Week44.1997",168703.6270596
"Week45.1997",164242.277648022
"Week46.1997",158654.357870144
"Week47.1997",152493.635763277
"Week48.1997",145352.126337651
"Week49.1997",137850.683141877
"Week50.1997",129049.123241098
"Week51.1997",121328.89825286
"Week52.1997",113589.184741413
"Week1.1998",106387.146445358
"Week2.1998",98889.3219127728
"Week3.1998",91820.9940406262
"Week4.1998",85078.4064797727
"Week5.1998",79092.0383739059
"Week6.1998",72730.6108076956
"Week7.1998",66712.8113428
"Week8.1998",61057.9482704109
"Week9.1998",56957.2124185234
"Week10.1998",52564.5635702218
"Week11.1998",48123.7387990803
"Week12.1998",44192.280792821
"Week13.1998",39883.8342016337
"Week14.1998",35990.429656309
"Week15.1998",32586.8724182723
"Week16.1998",29265.4454095432
"Week17.1998",26493.0327544621
"Week18.1998",24020.1922480537
"Week19.1998",21929.5122048337
"Week20.1998",19795.418676748
"Week21.1998",18004.0945077119
"Week22.1998",16595.3734390626
"Week23.1998",15031.1857343408
"Week24.1998",13874.9001298341
"Week25.1998",13269.7452015612
"Week26.1998",14722.8792227943
"Week27.1998",21332.6537270589
"Week28.1998",37553.3181948668
"Week29.1998",66405.2533571076
"Week30.1998",104740.103339766
"Week31.1998",143284.603714156
"Week32.1998",172421.053609019
"Week33.1998",188446.286223972
"Week34.1998",194742.630924803
"Week35.1998",195732.087407374
"Week36.1998",194499.133538755
"Week37.1998",192451.645204909
"Week38.1998",189283.227762927
"Week39.1998",186519.432739819
"Week40.1998",183489.305090964
"Week41.1998",180316.754401014
"Week42.1998",176490.809953472
"Week43.1998",172605.956715465
"Week44.1998",168703.6270596
"Week45.1998",164242.277648022
"Week46.1998",158654.357870144
"Week47.1998",152493.635763277
"Week48.1998",145352.126337651
"Week49.1998",137850.683141877
"Week50.1998",129049.123241098
"Week51.1998",121328.89825286
"Week52.1998",113589.184741413
"Week1.1999",106387.146445358
"Week2.1999",98889.3219127728
"Week3.1999",91820.9940406262
"Week4.1999",85078.4064797727
"Week5.1999",79092.0383739059
"Week6.1999",72730.6108076956
"Week7.1999",66712.8113428
"Week8.1999",61057.9482704109
"Week9.1999",56957.2124185234
"Week10.1999",52564.5635702218
"Week11.1999",48123.7387990803
"Week12.1999",44192.280792821
"Week13.1999",39883.8342016337
"Week14.1999",35990.429656309
"Week15.1999",32586.8724182723
"Week16.1999",29265.4454095432
"Week17.1999",26493.0327544621
"Week18.1999",24020.1922480537
"Week19.1999",21929.5122048337
"Week20.1999",19795.418676748
"Week21.1999",18004.0945077119
"Week22.1999",16595.3734390626
"Week23.1999",15031.1857343408
"Week24.1999",13874.9001298341
"Week25.1999",13269.7452015612
"Week26.1999",14722.8792227943
"Week27.1999",21332.6537270589
"Week28.1999",37553.3181948668
"Week29.1999",66405.2533571076
"Week30.1999",104740.103339766
"Week31.1999",143284.603714156
"Week32.1999",172421.053609019
"Week33.1999",188446.286223972
"Week34.1999",194742.630924803
"Week35.1999",195732.087407374
"Week36.1999",194499.133538755
"Week37.1999",192451.645204909
"Week38.1999",189283.227762927
"Week39.1999",186519.432739819
"Week40.1999",183489.305090964
"Week41.1999",180316.754401014
"Week42.1999",176490.809953472
"Week43.1999",172605.956715465
"Week44.1999",168703.6270596
"Week45.1999",164242.277648022
"Week46.1999",158654.357870144
"Week47.1999",152493.635763277
"Week48.1999",145352.126337651
"Week49.1999",137850.683141877
"Week50.1999",129049.123241098
"Week51.1999",121328.89825286
"Week52.1999",113589.184741413
"Week1.2000",106387.146445358
"Week2.2000",98889.3219127728
"Week3.2000",91820.9940406262
"Week4.2000",85078.4064797727
"Week5.2000",79092.0383739059
"Week6.2000",72730.6108076956
"Week7.2000",66712.8113428
"Week8.2000",61057.9482704109
"Week9.2000",56957.2124185234
"Week10.2000",52564.5635702218
"Week11.2000",48123.7387990803
"Week12.2000",44192.280792821
"Week13.2000",39883.8342016337
"Week14.2000",35990.429656309
"Week15.2000",32586.8724182723
"Week16.2000",29265.4454095432
"Week17.2000",26493.0327544621
"Week18.2000",24020.1922480537
"Week19.2000",21929.5122048337
"Week20.2000",19795.418676748
"Week21.2000",18004.0945077119
"Week22.2000",16595.3734390626
"Week23.2000",15031.1857343408
"Week24.2000",13874.9001298341
"Week25.2000",13269.7452015612
"Week26.2000",14722.8792227943
"Week27.2000",21332.6537270589
"Week28.2000",37553.3181948668
"Week29.2000",66405.2533571076
"Week30.2000",104740.103339766
"Week31.2000",143284.603714156
"Week32.2000",172421.053609019
"Week33.2000",188446.286223972
"Week34.2000",194742.630924803
"Week35.2000",195732.087407374
"Week36.2000",194499.133538755
"Week37.2000",192451.645204909
"Week38.2000",189283.227762927
"Week39.2000",186519.432739819
"Week40.2000",183489.305090964
"Week41.2000",180316.754401014
"Week42.2000",176490.809953472
"Week43.2000",172605.956715465
"Week44.2000",168703.6270596
"Week45.2000",164242.277648022
"Week46.2000",158654.357870144
"Week47.2000",152493.635763277
"Week48.2000",145352.126337651
"Week49.2000",137850.683141877
"Week50.2000",129049.123241098
"Week51.2000",121328.89825286
"Week52.2000",113589.184741413
"Week1.2001",106387.146445358
"Week2.2001",98889.3219127728
"Week3.2001",91820.9940406262
"Week4.2001",85078.4064797727
"Week5.2001",79092.038373906
"Week6.2001",72730.6108076956
"Week7.2001",66712.8113428
"Week8.2001",61057.9482704109
"Week9.2001",56957.2124185235
"Week10.2001",52564.5635702219
"Week11.2001",48123.7387990808
"Week12.2001",44192.2807928242
"Week13.2001",39883.8342016557
"Week14.2001",35990.429656486
"Week15.2001",32586.8724198867
"Week16.2001",29265.4454255587
"Week17.2001",26493.0329216808
"Week18.2001",24020.1940186878
"Week19.2001",21929.5305893044
"Week20.2001",19795.5992606095
"Week21.2001",18005.724812849
"Week22.2001",16608.4886923165
"Week23.2001",15122.1706273374
"Week24.2001",14409.7763919952
"Week25.2001",15863.6486821114
"Week26.2001",24975.4620398898
"Week27.2001",54000.0147128678
"Week28.2001",120878.186139965
"Week29.2001",237552.540913862
"Week30.2001",391594.036032101
"Week31.2001",546193.393175848
"Week32.2001",663270.228799945
"Week33.2001",728218.801157117
"Week34.2001",754413.983537964
"Week35.2001",759430.097483284
"Week36.2001",755520.462521885
"Week37.2001",748283.144080479
"Week38.2001",736574.604705568
"Week39.2001",726350.836404433
"Week40.2001",715016.036734974
"Week41.2001",703062.865111348
"Week42.2001",688506.331681586
"Week43.2001",673670.613921532
"Week44.2001",658723.730783551
"Week45.2001",641555.694479828
"Week46.2001",619950.982298692
"Week47.2001",596073.905360619
"Week48.2001",568331.035052449
"Week49.2001",539150.847019923
"Week50.2001",504857.338123817
"Week51.2001",474768.503486396
"Week52.2001",444581.380550122
"Week1.2002",416479.311822462
"Week2.2002",387202.02357423
"Week3.2002",359590.852577553
"Week4.2002",333241.77191432
"Week5.2002",309843.305504352
"Week6.2002",284965.999065609
"Week7.2002",261427.175989663
"Week8.2002",239304.200714359
"Week9.2002",223266.783092138
"Week10.2002",206078.828986104
"Week11.2002",188694.255224684
"Week12.2002",173299.524524293
"Week13.2002",156420.311301059
"Week14.2002",141164.0582828
"Week15.2002",127825.552332816
"Week16.2002",114806.324692202
"Week17.2002",103938.42325803
"Week18.2002",94243.8289032713
"Week19.2002",86047.0000431283
"Week20.2002",77678.4021093347
"Week21.2002",70653.7031721663
"Week22.2002",65130.253025375
"Week23.2002",59000.9621819561
"Week24.2002",54500.2539039117
"Week25.2002",52287.4932500675
"Week26.2002",58587.8519284516
"Week27.2002",86273.6576890688
"Week28.2002",153875.372723365
"Week29.2002",273941.041019863
"Week30.2002",433392.618494936
"Week31.2002",593693.970863385
"Week32.2002",714885.03219594
"Week33.2002",781584.098661941
"Week34.2002",807842.953138564
"Week35.2002",812039.456087884
"Week36.2002",806992.312738352
"Week37.2002",798552.888087525
"Week38.2002",785453.531357887
"Week39.2002",774026.212917143
"Week40.2002",761487.902109579
"Week41.2002",748353.5925986
"Week42.2002",732503.21486453
"Week43.2002",716404.49798762
"Week44.2002",700229.898985014
"Week45.2002",681732.012411397
"Week46.2002",658555.175729793
"Week47.2002",632998.04752362
"Week48.2002",603367.193950608
"Week49.2002",572239.895374565
"Week50.2002",535713.395716116
"Week51.2002",503673.775401036
"Week52.2002",471551.536761827
"Week1.2003",441659.882011488
"Week2.2003",410538.945646392
"Week3.2003",381199.873255019
"Week4.2003",353212.171750885
"Week5.2003",328363.455790829
"Week6.2003",301957.767292775
"Week7.2003",276979.745965673
"Week8.2003",253510.013307766
"Week9.2003",236493.698706513
"Week10.2003",218264.135220274
"Week11.2003",199831.441832885
"Week12.2003",183510.541538312
"Week13.2003",165621.79246718
"Week14.2003",149455.265432942
"Week15.2003",135322.326627072
"Week16.2003",121530.171780205
"Week17.2003",110017.728433559
"Week18.2003",99749.1923533418
"Week19.2003",91067.5701337412
"Week20.2003",82205.6895507418
"Week21.2003",74768.202188587
"Week22.2003",68927.5779347199
"Week23.2003",62494.6090777632
"Week24.2003",58049.5674727935
"Week25.2003",57190.7277682645
"Week26.2003",69377.9626693224
"Week27.2003",114833.890255484
"Week28.2003",222890.520939263
"Week29.2003",413258.478666809
"Week30.2003",665407.692046506
"Week31.2003",918707.267351451
"Week32.2003",1110351.49813437
"Week33.2003",1216203.35680464
"Week34.2003",1258336.43212946
"Week35.2003",1265680.24093646
"Week36.2003",1258409.73561594
"Week37.2003",1245737.70660419
"Week38.2003",1225719.24227704
"Week39.2003",1208248.82547451
"Week40.2003",1188993.79735028
"Week41.2003",1168764.9630629
"Week42.2003",1144256.21740389
"Week43.2003",1119325.87768705
"Week44.2003",1094247.69700386
"Week45.2003",1065512.75190026
"Week46.2003",1029440.22777
"Week47.2003",989623.63453994
"Week48.2003",943416.37180528
"Week49.2003",894848.864705857
"Week50.2003",837818.913643701
"Week51.2003",787788.649638965
"Week52.2003",737614.150132539
"Week1.2004",690915.587592673
"Week2.2004",642282.195602017
"Week3.2004",596425.851835972
"Week4.2004",552674.460909323
"Week5.2004",513826.376510675
"Week6.2004",472534.08424646
"Week7.2004",433468.126201651
"Week8.2004",396755.345510603
"Week9.2004",370136.937349606
"Week10.2004",341616.452397009
"Week11.2004",312776.493042135
"Week12.2004",287241.008910064
"Week13.2004",259250.132554992
"Week14.2004",233953.176581686
"Week15.2004",211837.555358275
"Week16.2004",190253.51629644
"Week17.2004",172236.655692434
"Week18.2004",156165.783169327
"Week19.2004",142578.189677878
"Week20.2004",128707.303053675
"Week21.2004",117065.095423382
"Week22.2004",107917.916472887
"Week23.2004",97812.791724738
"Week24.2004",90655.0989838109
"Week25.2004",88385.4371106291
"Week26.2004",104023.258866061
"Week27.2004",165113.107266079
"Week28.2004",311514.485663081
"Week29.2004",570075.630381516
"Week30.2004",912826.632250249
"Week31.2004",1257222.09508856
"Week32.2004",1517728.23737209
"Week33.2004",1661457.13724041
"Week34.2004",1718475.301533
"Week35.2004",1728162.40974984
"Week36.2004",1717982.69778701
"Week37.2004",1700476.09737047
"Week38.2004",1672973.92888755
"Week39.2004",1648975.46581034
"Week40.2004",1622562.72866522
"Week41.2004",1594839.35560945
"Week42.2004",1561291.89210178
"Week43.2004",1527183.40656393
"Week44.2004",1492885.58347961
"Week45.2004",1453609.88105548
"Week46.2004",1404334.39426644
"Week47.2004",1349961.16802801
"Week48.2004",1286879.5533705
"Week49.2004",1220587.04054671
"Week50.2004",1142759.80385127
"Week51.2004",1074487.31087686
"Week52.2004",1006024.42854732
"Week1.2005",942307.914904373
"Week2.2005",875957.552433243
"Week3.2005",813399.082112187
"Week4.2005",753715.300136024
"Week5.2005",700721.979809652
"Week6.2005",644398.795127901
"Week7.2005",591115.117627773
"Week8.2005",541043.665095876
"Week9.2005",504740.046610717
"Week10.2005",465843.945997243
"Week11.2005",426512.641333898
"Week12.2005",391687.585797132
"Week13.2005",353514.701603932
"Week14.2005",319015.985152045
"Week15.2005",288856.116304569
"Week16.2005",259421.892272756
"Week17.2005",234852.432851934
"Week18.2005",212936.999256629
"Week19.2005",194408.027057167
"Week20.2005",175492.620487181
"Week21.2005",159611.221230086
"Week22.2005",147091.665285395
"Week23.2005",132998.896344321
"Week24.2005",121451.173735884
"Week25.2005",110064.339948453
"Week26.2005",100544.722486118
"Week27.2005",93576.2989553387
"Week28.2005",89196.918260537
"Week29.2005",88084.5348863257
"Week30.2005",89475.4422095697
"Week31.2005",91706.3481552973
"Week32.2005",92771.0088639232
"Week33.2005",91731.3605007609
"Week34.2005",89343.1472522994
"Week35.2005",86336.2332830734
"Week36.2005",83235.2263192582
"Week37.2005",80264.450091837
"Week38.2005",77156.3450918704
"Week39.2005",74475.779210783
"Week40.2005",71904.9530018988
"Week41.2005",69463.7209908023
"Week42.2005",66933.8662177064
"Week43.2005",64526.1069031618
"Week44.2005",62237.4706620797
"Week45.2005",59854.9103884267
"Week46.2005",57167.4459989927
"Week47.2005",54373.3551459873
"Week48.2005",51323.3017562216
"Week49.2005",48233.8155564337
"Week50.2005",44772.5138743502
"Week51.2005",41761.4103709562
"Week52.2005",38808.0373082311
"Week1.2006",36095.0389662598
"Week2.2006",33332.2659116206
"Week3.2006",30759.8570684205
"Week4.2006",28336.3722181889
"Week5.2006",26198.3952146839
"Week6.2006",23964.8099527312
"Week7.2006",21868.8195297672
"Week8.2006",19912.0353469877
"Week9.2006",18479.1861885703
"Week10.2006",16969.39984499
"Week11.2006",15464.7425535729
"Week12.2006",14143.2153896657
"Week13.2006",12717.4383632816
"Week14.2006",11437.2961305886
"Week15.2006",10323.0150815317
"Week16.2006",9243.15500154389
"Week17.2006",8343.78466618387
"Week18.2006",7544.59093815731
"Week19.2006",6870.28481260057
"Week20.2006",6186.61153762118
"Week21.2006",5613.908435366
"Week22.2006",5164.78797486624
"Week23.2006",4679.10405863023
"Week24.2006",4373.43359907927
"Week25.2006",4466.1180611044
"Week26.2006",5980.3190200884
"Week27.2006",11154.4914288745
"Week28.2006",23252.236147001
"Week29.2006",44455.2881628761
"Week30.2006",72491.759417236
"Week31.2006",100642.249536661
"Week32.2006",121951.350202442
"Week33.2006",133748.916694085
"Week34.2006",138478.448777895
"Week35.2006",139347.022039896
"Week36.2006",138590.910368665
"Week37.2006",137231.539326108
"Week38.2006",135057.151456747
"Week39.2006",133158.983674878
"Week40.2006",131060.407181802
"Week41.2006",128851.291662853
"Week42.2006",126167.520690183
"Week43.2006",123434.771326021
"Week44.2006",120683.551641648
"Week45.2006",117527.097726077
"Week46.2006",113559.485337489
"Week47.2006",109177.14172287
"Week48.2006",104088.15314523
"Week49.2006",98737.2451684191
"Week50.2006",92451.16117724
"Week51.2006",86936.1798971305
"Week52.2006",81404.1705548912
"Week1.2007",76254.7932084057
"Week2.2007",70890.9904036258
"Week3.2007",65832.8492964153
"Week4.2007",61006.0726668767
"Week5.2007",56718.9424851627
"Week6.2007",52158.9032200344
"Week7.2007",47839.4110831814
"Week8.2007",43773.5956795859
"Week9.2007",40817.7341760528
"Week10.2007",37653.8625409379
"Week11.2007",34461.703495133
"Week12.2007",31641.3572147451
"Week13.2007",28555.8438885576
"Week14.2007",25769.4974925097
"Week15.2007",23334.2520712789
"Week16.2007",20957.5639693511
"Week17.2007",18973.6522471154
"Week18.2007",17203.9380823784
"Week19.2007",15707.6835438446
"Week20.2007",14180.5190021118
"Week21.2007",12902.6246523332
"Week22.2007",11929.532072733
"Week23.2007",11049.2837886423
"Week24.2007",11588.0191166966
"Week25.2007",17494.0720801242
"Week26.2007",42114.5668965064
"Week27.2007",115859.670412651
"Week28.2007",283442.475255086
"Week29.2007",574496.041690463
"Week30.2007",958191.909423286
"Week31.2007",1343110.01197015
"Week32.2007",1634730.52825674
"Week33.2007",1796834.12022227
"Week34.2007",1862608.51994528
"Week35.2007",1875714.46014424
"Week36.2007",1866590.30389056
"Week37.2007",1849145.23340855
"Week38.2007",1820582.37927799
"Week39.2007",1795634.91714516
"Week40.2007",1767896.02763064
"Week41.2007",1738589.77249599
"Week42.2007",1702811.93836638
"Week43.2007",1666313.72591518
"Week44.2007",1629514.54718634
"Week45.2007",1587197.57319202
"Week46.2007",1533882.49670648
"Week47.2007",1474924.51606664
"Week48.2007",1406381.65220624
"Week49.2007",1334263.92294958
"Week50.2007",1249474.84205469
"Week51.2007",1175076.44801058
"Week52.2007",1100421.48661988
"Week1.2008",1030915.72740954
"Week2.2008",958490.501826326
"Week3.2008",890180.232199705
"Week4.2008",824986.140032544
"Week5.2008",767089.886533576
"Week6.2008",705526.825088711
"Week7.2008",647273.161236837
"Week8.2008",592521.528073278
"Week9.2008",552834.72931734
"Week10.2008",510295.163302498
"Week11.2008",467263.603050135
"Week12.2008",429154.532935635
"Week13.2008",387365.288839593
"Week14.2008",349592.153103324
"Week15.2008",316566.108845777
"Week16.2008",284329.025122821
"Week17.2008",257418.455976793
"Week18.2008",233412.558907732
"Week19.2008",213115.15844063
"Week20.2008",192391.365053753
"Week21.2008",174994.400575215
"Week22.2008",161307.73763292
"Week23.2008",146070.942726459
"Week24.2008",134597.079475269
"Week25.2008",127596.621804783
"Week26.2008",137545.157795001
"Week27.2008",189561.796788764
"Week28.2008",319581.249381355
"Week29.2008",552092.439028818
"Week30.2008",861558.621310003
"Week31.2008",1172872.28151074
"Week32.2008",1408083.52762991
"Week33.2008",1537147.83533916
"Week34.2008",1587487.97167357
"Week35.2008",1594907.61280159
"Week36.2008",1584383.81405175
"Week37.2008",1567314.27073032
"Week38.2008",1541177.56767975
"Week39.2008",1518384.36627263
"Week40.2008",1493463.36228192
"Week41.2008",1467417.72997422
"Week42.2008",1436085.2035207
"Week43.2008",1404300.2897246
"Week44.2008",1372396.63180499
"Week45.2008",1335966.32080623
"Week46.2008",1290392.05680785
"Week47.2008",1240177.59754802
"Week48.2008",1182004.22476159
"Week49.2008",1120920.22254015
"Week50.2008",1049279.94381187
"Week51.2008",986445.845292592
"Week52.2008",923465.320758961
"Week1.2009",864866.600572287
"Week2.2009",803872.755175569
"Week3.2009",746378.866413293
"Week4.2009",691540.517645246
"Week5.2009",642856.219741375
"Week6.2009",591131.406078017
"Week7.2009",542208.813401741
"Week8.2009",496245.439504476
"Week9.2009",462919.798274239
"Week10.2009",427222.898718563
"Week11.2009",391131.027602995
"Week12.2009",359174.664603471
"Week13.2009",324151.782735361
"Week14.2009",292501.928019192
"Week15.2009",264834.210645337
"Week16.2009",237835.387391229
"Week17.2009",215299.682302871
"Week18.2009",195199.660257844
"Week19.2009",178206.235028323
"Week20.2009",160860.875793428
"Week21.2009",146301.738726958
"Week22.2009",134852.870237086
"Week23.2009",122145.488089075
"Week24.2009",112776.667752214
"Week25.2009",107990.660161451
"Week26.2009",120290.881836167
"Week27.2009",175443.604811818
"Week28.2009",310511.833054576
"Week29.2009",550613.206054086
"Week30.2009",869567.007256103
"Week31.2009",1190246.88387831
"Week32.2009",1432668.00787278
"Week33.2009",1566036.94970819
"Week34.2009",1618481.43804722
"Week35.2009",1626780.90665135
"Week36.2009",1616589.77225475
"Week37.2009",1599618.03985919
"Week38.2009",1573322.11116429
"Week39.2009",1550383.62691644
"Week40.2009",1525226.58441995
"Week41.2009",1498881.59451477
"Week42.2009",1467101.68704097
"Week43.2009",1434828.91573772
"Week44.2009",1402408.10358167
"Week45.2009",1365337.77390423
"Week46.2009",1318899.9986497
"Week47.2009",1267698.30103555
"Week48.2009",1208341.13632247
"Week49.2009",1145989.84235384
"Week50.2009",1072828.50009682
"Week51.2009",1008655.00550946
"Week52.2009",944318.077559421
"Week1.2010",884449.839053294
"Week2.2010",822121.466021398
"Week3.2010",763362.719752551
"Week4.2010",707311.114284773
"Week5.2010",657545.504635332
"Week6.2010",604660.631300059
"Week7.2010",554631.107433452
"Week8.2010",507617.374160727
"Week9.2010",473523.133374292
"Week10.2010",437002.037167592
"Week11.2010",400081.396269177
"Week12.2010",367396.577293872
"Week13.2010",331578.364078033
"Week14.2010",299210.875765214
"Week15.2010",270915.737545811
"Week16.2010",243303.245142412
"Week17.2010",220254.911403548
"Week18.2010",199696.984605225
"Week19.2010",182316.106028524
"Week20.2010",164574.159207855
"Week21.2010",149681.509247315
"Week22.2010",137967.23535279
"Week23.2010",124944.331474843
"Week24.2010",115224.093317474
"Week25.2010",109695.301290892
"Week26.2010",119924.835776504
"Week27.2010",169458.012217489
"Week28.2010",292065.886509443
"Week29.2010",510702.174661037
"Week30.2010",801435.887436264
"Week31.2010",1093828.39503781
"Week32.2010",1314801.5302139
"Week33.2010",1436203.83880182
"Week34.2010",1483739.41953603
"Week35.2010",1490992.03385764
"Week36.2010",1481388.64760729
"Week37.2010",1465620.99061348
"Week38.2010",1441344.15364141
"Week39.2010",1420170.11817787
"Week40.2010",1396986.06891472
"Week41.2010",1372733.01269693
"Week42.2010",1343519.21514166
"Week43.2010",1313868.91738825
"Week44.2010",1284095.97505406
"Week45.2010",1250077.30815795
"Week46.2010",1207492.84487557
"Week47.2010",1160557.12070324
"Week48.2010",1106164.83498561
"Week49.2010",1049040.6109518
"Week50.2010",982029.395405306
"Week51.2010",923253.051713161
"Week52.2010",864333.735626929
